450
7427
2407
2589
9638
7058
5605
750
8075
3607
8061
7347
2709
6907
5906
1614
9542
7733
5560
3393
7645
4780
1477
3621
2692
6363
2538
7084
8869
1878
7722
5702
696
3898
7379
6488
2188
2924
1823
8448
7505
1685
6985
5907
3060
1934
8902
7082
2590
1142
1802
4544
7081
6628
9500
6931
7964
3661
3298
163
3639
2854
782
8393
7423
584
6546
7326
4660
4760
7682
22
9071
445
4370
598
1023
7958
4520
8878
4217
9584
7588
6927
4107
1900
1995
145
2158
9876
5991
2728
1579
9646
1918
1970
145
4677
8540
4949
3313
8393
2060
3706
1
2230
3078
677
7060
5970
8540
4052
2795
4010
9773
4236
9578
1754
9874
1027
4182
5127
2166
8155
1867
9557
5803
2959
4815
2093
6339
5494
9657
763
3125
3057
1978
9472
7743
3009
8357
5691
8492
3672
7164
3003
1081
5525
2433
5815
7522
8077
3421
7958
3834
1417
598
5398
6765
7032
2688
9148
2661
6722
8674
2039
9128
9659
3434
308
6827
2827
9878
8014
257
433
4810
8007
2864
8119
6400
4993
5004
7773
608
9546
5021
5361
9212
1502
4890
8996
485
6357
984
9252
9171
8641
5988
6407
9694
418
3646
9141
8409
2161
1652
7586
2349
4999
2714
8391
6445
8785
2215
2576
5480
9869
3283
9398
2044
2812
2006
4344
4322
3418
7440
7027
8762
5269
6095
314
6026
5043
4477
1313
9845
1041
5907
1800
9413
8702
641
376
6423
623
4729
8793
7300
7590
3218
2394
1570
982
5293
8288
1941
4193
7909
1900
2463
4885
8907
3213
6118
8176
9639
9534
1875
3087
6647
6168
3672
7452
8790
9861
4520
8195
375
9102
7300
6048
9712
9459
6569
2996
2397
4833
5166
7833
486
2616
7270
2716
3578
5560
3925
3660
6713
3838
3009
3146
864
3494
5170
7584
1226
6611
6518
7493
8151
5720
2938
1676
8161
7294
7625
7081
4328
1311
7365
9868
5895
6502
4402
9927
346
220
8075
1490
9836
2644
5140
8293
5293
8000
1333
7542
8260
323
4555
2434
9313
3357
8180
6015
4214
5368
1752
5590
2172
5680
8104
7496
7031
9444
266
5775
7471
7585
7683
5838
6398
5410
5816
3258
462
1841
7351
2961
8377
6073
2650
4582
821
4678
3473
4802
7299
6703
9214
815
5511
1442
9935
8049
5758
7337
2619
6873
9133
5066
5353
240
5667
8682
1884
4004
8125
7145
2843
5204
6189
6604
6809
7777
5223
4277
515
1875
8881
714
3201
3810
8625
2957
8490
6144
1574
8935
4667
6014
4892
5451
6977
3219
8476
8274
1352
4102
274
5625
2387
6364
2799
3698
7947
3394
2182
520
1558
787
7660
459
2314
4619
4696
7675
2105
7243
5927
4273
8228
7748
8356
9997
2634
9985
1152
6719
2408
5821
4912
1187
4482
7309
1823
3228
113
626
4489
5368
7840
610
5163
5438
9445
8235
2935
9471
227
2197
6101
7184
8105
2353
6070
4187
7224
5387
5504
2751
8587
6220
9180
4081
3213
3066
3905
2685
4407
1648
8630
3474
4973
5271
5596
8943
4896
1533
8471
8852
8529
3797
1426
6696
5832
3088
7095
7613
9512
978
8580
8993
7078
5018
6503
5564
4030
5427
7607
6074
1414
6740
9810
2306
4481
2599
1702
206
1518
7121
8131
2867
1824
8956
6944
8027
9662
2951
717
6731
7413
6113
1245
5423
134
6228
4875
7308
778
2702
6918
6032
3270
9392
6940
4888
216
2172
682
1641
6044
5168
7098
8552
2601
9236
5654
3376
5358
7440
6163
8107
6911
9308
3551
5132
9630
7858
4316
1870
912
7526
4929
8598
4010
5885
5718
2007
1617
6116
6068
307
9877
6595
6479
8728
6012
3575
8781
5439
7091
8703
3487
939
528
5872
9125
7750
965
4370
2007
1575
8918
852
9824
2831
1907
9058
9458
6432
4290
6522
1052
4758
4026
4344
6099
8684
236
9349
7679
9268
4898
5692
8125
5899
9031
9852
8221
4488
7172
2944
1908
6991
4333
5121
8574
3144
3796
1966
9573
9333
7052
3416
4866
5853
1438
2709
283
8077
7477
8879
9138
2947
5706
3949
7945
4875
1264
3423
7452
1102
5366
5250
7233
5056
9081
53
7199
2991
9168
6977
5360
1984
1407
1476
9686
8011
2972
1832
2346
6338
7655
4064
3571
3399
2142
3400
6568
276
8282
2720
9311
2065
5011
1775
4905
8600
8359
1616
3664
233
3654
1367
7572
618
3537
7089
2759
4719
5993
3140
7772
4020
693
745
911
1835
1097
9398
5266
4735
8301
7012
3712
4441
6827
7611
1350
4731
3571
9747
232
3650
4737
9408
9459
2470
8523
8287
8438
8514
5368
1423
1417
3619
6688
7744
2439
1730
9173
5229
9408
3447
7577
2831
3309
3601
7558
9644
8012
5064
9999
6560
4061
4475
1021
9920
2190
1664
4949
2803
939
2985
1572
4257
1948
2453
7448
7831
4720
4011
1296
6483
9435
9702
436
8807
3737
4691
2918
5658
3688
9025
57
781
1326
9939
2911
5536
404
5436
4725
9725
774
7780
7517
5855
1159
6398
1924
7976
9631
7433
1686
4668
9130
491
5735
185
3351
5
728
3716
1555
3233
9458
755
2588
3375
1262
4600
5253
4377
7330
9068
1013
4712
689
4465
7688
960
9958
2837
7488
6977
4749
2357
3409
8296
819
8429
4108
6628
9635
3602
9536
7391
1988
7673
1955
2516
2868
1994
4486
2226
9513
9037
5732
6913
9364
3741
9581
4508
4394
6947
1288
965
5933
7634
4835
5115
7842
7663
1716
903
7847
1979
7651
1273
7701
2479
4530
4409
5131
5255
9957
2462
4632
635
4137
1264
9039
5431
2157
2966
9542
886
5041
5693
4432
9812
6867
3572
3856
9007
1726
9375
6294
250
3584
5493
4327
6367
6283
4394
6709
4106
6613
6361
9867
874
2274
4033
1855
7458
2434
4808
6674
8311
9498
3766
5366
5305
1846
5557
6005
4860
1824
3135
5449
801
4402
2099
6801
2748
7412
4139
7109
9431
3138
1274
4937
4051
3557
1258
4577
6032
8268
9188
9088
1460
7281
4193
9844
1627
2944
5756
7605
8144
286
8135
767
57
884
3057
7090
6266
7194
5320
2059
53
605
649
593
6484
1723
8618
983
9397
8919
147
1214
7465
2498
2530
6943
3006
1344
906
4608
2455
5083
6665
1794
1592
3478
451
9163
7459
3406
9590
40
6166
6567
1146
224
7773
4016
6255
9640
4180
948
9820
3765
6816
7524
5948
3355
6579
1234
3570
1115
1552
3089
7113
6977
831
4137
7240
8858
6781
1216
8463
897
4932
6924
7321
2662
8216
5403
3596
9553
9163
6011
7470
5920
5108
9639
6159
5137
3619
5931
9094
6303
9258
1282
5132
6367
5080
8659
9833
8608
2602
3890
8647
1612
3751
9906
8069
9385
2789
585
6868
8851
8677
3193
3629
2662
2293
6322
3119
6664
7729
5453
8889
4441
6507
7696
1639
6389
1716
6089
5685
8673
5909
3326
8003
3927
6405
5349
1523
3087
6957
9129
3013
1957
6649
5272
4204
7840
8777
2951
4166
1989
669
7393
9594
3810
1972
5475
6994
8421
4989
4990
7123
4433
2616
3455
1649
7569
6024
8008
8694
6025
4142
7611
5083
2757
7683
4038
6036
897
4041
7621
3255
262
8664
7395
1733
9627
7667
1955
5947
7114
5326
8771
1821
2901
3511
2222
1224
7233
8022
8908
6938
5673
3934
7311
5048
9058
9916
3548
6463
9038
6565
2280
7387
3724
8490
7889
4719
6313
8906
9287
8361
2019
2009
320
6442
1141
4530
1504
7686
6226
3822
7936
801
1397
3762
6299
5335
5513
6592
4201
6715
8452
4522
5928
6487
568
9553
8703
4269
683
4977
3081
5226
840
3337
5667
1241
8941
5483
3578
5479
9164
2672
1615
1945
1444
382
9109
1834
3159
8899
5914
3920
1187
7565
4106
6370
7292
1643
1719
5633
8737
6366
2279
1655
7686
5668
5152
5082
880
3237
3426
9957
5567
8984
1258
7951
1848
3405
3783
2432
8318
2019
1819
6567
4321
1272
4308
6340
9627
2077
5074
2795
6588
3691
3799
847
888
6204
8697
3596
4942
4444
8503
5664
1361
4379
3236
9371
3652
7092
3702
3466
5573
821
748
4815
5176
4292
5809
5232
2907
9134
7775
4913
1211
4409
7924
8557
3978
4313
8022
999
1234
380
9473
9622
5928
8613
1777
8757
7500
5247
5223
8665
8098
4604
8732
1096
47
7124
9936
6129
9452
9140
3707
2690
2511
6955
8752
2482
2408
6406
2273
3313
4290
2988
3293
8844
3324
4903
9102
5032
3133
9860
3279
3215
5762
2593
1531
8669
270
6508
666
3298
8504
8989
1729
5325
5841
5998
663
116
9688
1493
8158
1218
1160
6071
1897
8470
116
720
646
5559
605
4428
6664
2576
6445
6504
9944
4864
7601
2855
6389
477
4801
1425
3941
430
2232
4351
4746
5543
663
8180
9016
8344
8091
5907
367
3007
7230
2356
1782
9832
2223
8035
4029
7123
2744
137
5745
5418
3900
4139
3080
944
7842
7817
7872
8682
6947
8560
6876
7435
733
3747
4969
219
1038
3254
968
7838
7699
2424
9910
4718
650
9425
27
2199
7655
901
6853
4811
7131
7950
6020
8624
467
4725
7048
7766
3205
3226
2742
6252
8454
4927
7903
7446
8881
841
89
7085
463
9229
9298
8485
3633
8788
6943
2573
7645
7708
4801
5222
660
835
6129
1784
1446
6897
7722
4757
6927
3625
3220
4500
1268
5812
2732
6412
4875
2671
3867
2513
307
4100
6890
4339
8494
7184
9091
6096
2305
6619
351
8941
9129
8900
2540
3901
9546
9155
7686
5533
3053
4186
2632
4964
3595
5698
3741
493
644
6151
3120
9341
4882
6936
8488
7057
618
759
7387
5947
9422
1862
3385
8271
6646
1709
4315
3090
8318
724
8891
4523
2257
8560
5335
2831
2387
2609
498
9520
3609
9418
8833
4928
692
4515
2050
9490
47
8993
4977
8027
9992
7703
8473
1674
9987
1335
3947
9547
4922
2473
7410
3130
7087
4672
3842
676
4031
536
9424
5886
117
3790
1275
9168
5443
9579
9500
6411
1205
3069
1740
9566
3418
7602
3951
1284
9334
4419
3445
3378
5108
4594
3962
7969
3562
2732
3729
1849
4956
9806
3902
7026
3286
2404
1330
3533
1110
4136
5594
3239
2424
5346
1228
3780
5768
6034
9776
9416
6590
7462
1576
1360
7932
4995
998
4850
4805
5671
3631
8757
2015
1735
6212
7241
2737
6963
7469
273
1622
2990
7443
7620
5494
3356
5483
9869
2010
4218
1283
2170
1237
5407
4348
3941
3686
7728
9360
8607
695
3796
6414
2682
9427
4537
5195
4318
1240
6817
2205
6271
5571
786
990
1482
9998
7959
8062
2125
4798
2293
6506
8582
6735
2350
3905
784
7298
9804
5394
2970
1161
8582
8272
5550
1972
8917
4633
1345
418
81
8679
4533
5120
9651
7122
8754
4064
8946
8642
4105
1422
9358
4002
1323
911
7345
9140
3824
8507
7346
3864
8534
4500
2149
750
2228
7900
8250
2331
4918
8785
3478
997
707
4841
2241
3915
5000
2128
4400
5423
3648
8372
6685
7910
2435
8486
2100
6927
9010
2893
7472
1723
9725
3299
8588
1829
9531
4985
5827
4736
149
6113
2601
8823
5883
4627
7553
4017
4708
8923
7837
8681
3619
4935
5526
3561
2391
3182
2895
8451
2881
8655
3102
1761
4812
3082
7966
7283
8644
8710
6557
4994
2372
5244
6222
4650
5015
5923
6034
7158
822
5781
2000
8990
5807
8728
9246
8513
5361
9250
2017
1385
4204
6351
8545
9462
8623
6435
5302
3132
1648
952
626
1758
3557
7111
9297
8775
1451
607
8679
6976
1764
3058
9622
613
701
1443
1743
6422
8716
7339
5457
8987
4024
1508
8746
764
895
6243
1791
6047
4248
8827
7300
9505
9247
6581
766
1802
7199
2580
7832
1860
6758
1651
8059
2074
1594
3810
8548
955
2138
7414
1910
7841
6906
6292
8646
6358
4115
8440
8851
7374
9839
7732
2069
6699
2707
4553
5968
2288
8593
9204
8158
3634
681
6445
8350
3701
8255
3841
5897
6851
8908
5588
9715
4190
1873
1357
8539
8102
1194
9108
8314
7768
6638
8683
7959
5151
9042
8376
6677
6261
1981
2812
3398
8630
7529
9449
4232
5870
6529
6066
7442
6790
2076
8307
8906
3460
5310
9118
8307
6133
7000
47
4513
3429
5972
4989
3434
751
394
4559
7681
8624
5759
6732
1281
8624
225
6335
6730
2034
4120
5703
4375
5031
9528
1173
1773
1296
5246
5556
3796
5000
2686
951
630
6145
814
4554
5914
6440
1016
8716
198
6857
117
4253
5711
2245
8257
2306
1631
4257
3308
3118
6101
3843
6136
311
1260
1912
5447
6546
8697
8595
7431
4465
6220
4278
9620
5673
8380
4481
8282
6194
8664
5782
5563
3787
8187
2931
8272
7166
4120
1158
8324
1672
676
951
7778
9267
8663
8339
2872
3263
2840
9776
3981
8871
2208
4419
9577
479
7268
1299
8909
1606
278
8417
9384
1622
952
2321
3818
2351
4604
6659
2502
1704
6351
1282
963
2097
7738
2395
2067
4147
1073
7106
7422
4118
1389
671
6770
2900
8513
8452
4361
2231
494
1430
297
6103
5552
9847
3026
4641
2616
3834
9900
5478
526
386
2675
4653
1304
3854
7272
6554
5000
1498
9644
8195
3972
1208
635
4845
3240
1349
6311
9622
7658
6267
3904
4698
8360
2908
459
7720
3177
5145
1297
2649
1704
9554
9829
5553
2546
5237
407
2484
320
5945
8058
4444
3340
1399
8130
2196
9328
2113
7411
1908
3048
598
9139
9777
9721
3164
8024
7590
5253
8144
6376
6556
5171
6182
3009
5879
5233
5274
7942
8652
755
7593
6879
4814
8238
5469
5419
2522
9020
9086
7046
9924
2959
8684
393
1094
7490
5284
5704
6117
3580
9067
5032
5053
9245
1056
6762
2150
9069
403
5238
6995
3990
2008
6630
3781
8099
4782
685
6794
7389
9263
3147
653
4493
2466
2284
7340
989
3652
2403
7155
9103
9219
7663
2845
8715
4116
3144
939
1460
7407
9750
6184
3595
8494
2185
8084
2821
3857
1801
5245
6063
66
6825
2323
4338
4839
3966
2514
3780
1114
462
8115
1720
2679
8325
6952
411
4595
6096
6210
7554
4753
9043
2946
1679
1276
4822
6301
5124
8140
8480
778
2424
9234
4784
4901
3614
8731
1644
476
5815
9880
5422
7109
3286
3805
4605
4575
1838
8148
737
5030
9357
789
2652
8783
6049
5262
9448
8743
6961
6800
2759
2193
8024
1558
8480
4701
5061
2170
3273
6799
5843
1866
6116
4720
1099
1793
3798
3388
1496
3073
8446
4235
340
1710
9411
7716
6518
4948
6153
241
8659
6824
434
2984
5342
2439
3552
5881
3602
7083
9900
506
9165
1302
147
1245
1859
1856
2148
1060
9034
6884
825
92
6022
11
3492
7777
7556
2532
7097
8909
2040
4595
7971
450
2293
9253
1903
9904
8543
7291
1368
6719
5
2953
8182
2891
3409
7850
1299
7813
5
8406
6681
1468
6747
723
3714
2736
1356
8985
4053
4034
8375
2682
4470
1537
6259
595
277
5771
1441
7222
3458
3456
6840
9305
5514
2313
9914
5091
6926
3949
7705
5428
6580
430
258
5440
2767
4880
1894
1277
4818
5707
7899
6321
518
9123
6813
4730
1820
3119
224
2340
4944
4757
6351
2862
9993
4658
3574
3989
4128
6653
6348
125
3516
6808
6201
5314
403
3344
8418
9658
9699
2556
8553
5443
4802
429
1601
7160
3908
3817
3294
4813
2646
7068
9370
1234
9439
1683
1644
1596
1552
5199
8777
4954
1721
6798
5672
9164
8000
1411
6019
1423
7583
3080
2237
5550
7078
5506
7933
2921
2065
9180
7679
5233
6707
3581
6946
6335
589
6045
1096
143
9446
3572
7569
7231
9231
884
9132
6480
6858
868
2606
8446
8642
2170
2480
7275
3679
6915
8959
1731
3859
2743
1880
2676
388
4126
5542
6771
8134
5553
8167
6640
6140
2098
9437
2632
4434
5825
9587
4120
9270
5650
8628
4097
1426
1932
6305
7979
870
543
9353
4454
8248
7863
4483
3713
3685
3474
8028
1935
8824
747
3543
8481
726
9842
8167
1462
170
8298
4672
4588
4451
7907
9489
2491
4108
7598
7779
7058
859
4892
3762
707
5320
6536
5826
753
6068
6310
4901
1662
6935
6966
395
6337
1391
3141
3099
8017
367
1300
4206
9110
8858
9858
9990
2666
8608
5351
2390
6684
910
114
6819
9165
3334
8200
9271
506
8387
7311
7620
7156
803
3552
2165
6471
4335
2693
1506
6885
198
3659
7845
7183
3711
6853
5820
8939
2299
9589
97
939
7713
7399
4229
9759
612
3151
7960
6879
5324
7805
3950
7746
5405
8910
3764
7496
3751
9688
4262
2027
5483
8156
4661
7937
7100
761
6534
617
707
6385
7557
362
2805
5420
4415
2917
5887
9074
9802
9208
4134
4540
4433
4406
4746
2528
6225
4298
5958
804
8741
9382
6487
2933
3398
5849
6585
2536
1218
3216
3837
939
6711
8136
24
8029
2581
5710
5831
2610
2602
8525
3065
8613
4806
7788
878
9666
3742
5144
9176
5227
3410
2108
4970
640
214
2358
2310
8380
8465
9264
4508
5856
9942
3594
5505
8449
7139
1295
1030
5438
2984
4693
6629
2157
9562
6141
259
5289
3794
9280
3516
9405
5904
52
3829
1431
8685
1220
2320
3617
4229
3951
2171
5410
2266
7603
4485
6283
8097
9137
2939
1654
764
3803
6922
4914
5531
7158
1167
1704
3957
4247
8295
1397
4157
4764
4831
6728
2462
1373
4058
6304
8075
8657
6026
1687
9303
1107
7776
8811
3003
2221
9699
7082
2456
3154
2977
6746
9771
6415
7681
3327
2751
5910
4813
7335
4215
8288
4629
3229
6418
8184
7760
4313
5285
4100
9279
6602
4047
5503
3066
7843
6074
6000
7442
1556
8832
9173
9106
1729
8891
6387
7390
6387
4686
2098
3757
1771
4395
8205
6059
1461
7711
1280
8876
1057
9155
8285
1771
4302
3307
453
9535
4937
570
9092
3687
2326
8451
9343
6294
6440
1405
8449
4800
26
9463
6387
3725
4121
5149
7419
5122
5564
4110
4884
8388
41
455
4818
7756
5369
6744
1983
8742
2842
2276
7538
8814
1788
9316
2430
6189
6248
9253
7064
2722
6836
8411
5488
3563
1559
3491
783
3241
1904
1101
4096
1958
7957
6267
734
5349
2961
3677
9188
6306
2791
8017
6246
8198
5904
3662
5486
3875
6275
7066
8816
9178
6550
3106
9357
4969
4559
7486
608
1892
5190
7061
5676
6475
5021
5282
1703
9466
9095
6492
2059
6127
2268
5356
6208
4143
4572
9864
3393
6888
609
7175
1883
4985
372
2896
3819
7767
8600
8062
8154
264
5549
4231
5863
6100
910
1733
4801
4807
9708
7276
3185
9461
1441
8752
1273
9073
6951
8253
3501
9497
4247
824
6438
4315
5034
2453
8235
7409
3061
6022
8229
960
4848
9046
6675
2404
1587
3757
6316
2431
9017
7965
670
8710
4317
9568
3301
4636
1205
6711
4701
3026
1823
6019
1691
8007
9064
5288
159
1742
7405
3342
3168
3164
8030
659
3051
8733
2580
6759
1667
8373
151
398
8636
8116
9216
3440
5474
7815
3160
1726
3075
5978
6414
4328
3030
9395
3338
5926
9212
8414
3053
6174
9139
2700
6041
3815
6327
9096
805
3362
6152
3816
6420
7214
3147
4267
6813
8474
9799
4963
1619
6057
4513
685
4363
6193
69
7681
4165
2014
5103
8736
7138
8425
7218
7026
1920
8905
7108
1562
9890
7135
9685
7015
6181
4234
4832
8184
779
5006
1455
1472
7728
4588
7711
6807
8476
6327
505
3848
7015
1052
749
3013
5420
5941
1888
1166
2677
1638
9612
2613
9293
7265
8770
9855
4173
2092
539
8004
1380
1768
9093
3422
8905
9715
2416
9378
6036
7981
6993
6156
4565
9568
8007
6553
6569
5626
4444
3439
9725
8941
3947
8755
2921
2758
9223
8304
773
8033
9379
1083
7085
3606
6382
3644
7845
8111
340
3834
3779
9765
7514
5440
9211
3540
3391
1002
1608
6676
3270
9270
9820
4338
4746
5031
3256
3985
2177
4072
4657
2247
1607
6454
4159
2189
8685
4170
6839
6322
8524
5563
5158
2345
210
4688
5527
968
7215
7292
7211
5901
6362
5122
9941
4246
6403
4394
1679
7473
2663
4392
9627
1118
5833
8388
9667
6246
8408
4158
5755
6029
266
7215
7
6945
659
5390
8985
6444
4153
7152
8281
9243
1519
1022
1329
6406
2428
2433
7286
8151
1442
4348
3485
2156
9496
7912
3725
2282
9190
7935
8420
4149
7848
6570
8089
1979
5773
5796
1718
6185
1022
5238
5371
5699
9214
7034
5991
4513
9746
7831
9057
2935
2367
6072
376
4479
1922
1233
9140
668
6107
9472
8771
9395
8468
2397
3277
6217
8457
7209
2691
9199
2940
2567
4458
9346
7344
519
774
8102
1309
4527
6420
9034
667
8783
2288
6224
1382
9682
5335
2659
2194
8303
7923
7715
3427
6706
439
3664
6694
6003
2020
3196
1260
6267
866
8334
6789
5596
3345
1592
1021
4596
614
7475
9912
9243
697
2912
8900
8117
1979
4946
8626
1921
9728
8457
4433
4607
8261
4983
324
2245
5547
4892
3016
7106
2013
2750
1776
2131
7143
2882
1059
4008
2970
7954
8815
9544
1682
4928
9363
4942
197
5136
6251
1215
661
8834
1215
8466
3
4244
4453
2612
1948
3224
2305
2024
9437
694
1952
330
5962
9406
4742
8407
8010
7114
1130
1414
5712
8630
8712
3772
4849
6973
2939
5601
4558
3257
3938
2310
6987
2154
9181
680
9871
9425
6536
438
2644
7091
2604
8814
4111
535
8378
8326
3989
4200
9131
1530
2024
5354
2357
1922
7793
4994
56
4349
1060
6134
1246
678
2243
6527
2892
6783
2976
8669
6104
2243
4210
3630
7058
1142
1691
4521
6136
4716
3792
3282
2443
9957
9126
6681
2896
1175
6094
7192
4082
1901
5090
1078
4558
6656
2213
912
9523
6722
37
4917
7637
3005
2666
4020
4701
6563
2419
3250
9807
1342
1535
7500
1400
1239
1463
8520
5852
4543
3324
9360
9616
7231
9519
879
1752
2363
1051
143
9035
6642
3466
5354
9744
140
6942
6114
3351
3746
3903
89
3978
4657
1324
299
6674
2571
732
3221
5284
9945
7396
6241
4220
7137
9272
7290
3926
2579
8029
4991
5941
272
7047
8902
5935
8300
6186
1955
9276
3040
854
2792
6210
6344
5819
6598
2297
1622
7537
2406
8331
5502
4348
338
1159
1989
9438
3369
1571
2617
9636
783
2037
6292
9738
1240
988
6465
9499
4145
6206
8493
5976
2792
6187
4167
8602
5061
1055
5887
9326
8226
6844
6343
4641
5790
4066
9778
6459
6408
981
2643
4852
1324
2951
5240
5207
6655
2383
6486
5543
454
1774
9456
7268
3417
9658
7216
7148
5827
2814
6984
5186
9913
9394
6450
7144
5318
5741
6493
5516
4903
5155
6721
2573
9175
963
7207
4536
4656
7912
8624
7497
6955
5077
1931
1062
1925
9357
8771
9338
2958
8342
4060
8390
1791
6703
352
445
241
572
7229
4517
49
6454
1301
7121
8617
8170
8579
2036
6950
8817
9431
2009
893
7314
3271
2272
2084
3339
5682
8183
6237
9248
1139
3153
4128
226
9654
1852
5633
211
4188
7200
7018
3552
1493
3548
365
3608
4190
873
7659
2414
4452
4063
6088
1576
3982
2558
6077
7614
3325
4904
3416
2852
4110
3876
639
7123
3730
7890
2442
7093
4268
1218
1851
5631
2153
6458
6645
7379
1203
3815
8924
3597
6387
5165
1582
1122
7797
8821
5424
286
1230
4988
7562
1487
1801
1633
7997
5910
1490
286
5598
9232
1708
465
5447
8776
5007
1552
1839
7409
7042
3539
127
8299
3625
9317
2209
8755
5638
3824
9135
2673
9413
8618
5187
15
8704
3180
325
3126
7836
5895
4894
5035
7130
934
2957
5992
6279
6399
745
3417
8632
9600
2356
7853
5198
8034
3086
3750
6638
3001
3238
6848
4990
3919
8990
3631
8617
4744
6046
9825
7758
561
5638
7055
6446
6752
7010
6287
4654
3292
244
5039
4387
82
9837
9190
9556
4196
3110
114
9741
6951
5806
5035
419
5688
4936
3380
5143
3947
939
9172
337
2512
8108
1314
1883
7760
1133
5047
1910
4023
7713
9067
3949
7648
6764
7039
5311
6960
6848
4243
1828
3909
560
7482
7416
183
8812
4796
1123
9306
5730
6501
8753
5399
2286
4029
3575
8072
4282
4288
5891
6661
7052
4554
78
5175
1365
6945
365
5469
8273
9244
5714
7959
1337
281
779
8123
7085
8113
5526
1578
8587
2759
4284
1212
4778
964
5441
7909
750
1415
437
6515
4739
9160
3207
7273
9527
1967
124
1919
3829
2877
2457
1557
8368
6091
6977
8794
5144
3317
8602
5351
3352
8831
7269
57
7193
5596
1513
4117
7913
6528
7275
189
4186
863
4542
9984
9844
4545
9138
2670
6946
2693
7608
564
5650
8991
165
6864
1939
1460
2418
1126
7209
2215
9913
5774
3071
6800
7902
4069
3917
3235
3176
1041
3438
8551
8065
3573
6235
586
6903
6263
9006
3161
5709
5942
3849
1706
1659
2718
4715
6444
5770
8955
5620
8366
7274
2778
2372
9345
1031
4632
8196
924
8325
3711
2057
1806
2364
9069
3396
5480
2028
6744
8906
282
7658
5098
2226
1696
1623
4700
398
5421
7030
624
7199
4824
3723
8169
2712
4861
3974
9775
5516
7048
2599
4189
7196
1274
9111
7213
1739
2327
3568
9779
9377
9716
5495
7699
2463
3774
5822
3685
3944
1363
6013
7319
2162
3903
4193
6618
1371
2883
6141
5392
9288
3102
420
2905
9844
6351
3218
1247
9163
3202
4917
4153
6413
1928
892
8746
2782
6660
5013
9775
2968
6282
5333
8883
3252
5984
7359
1254
926
4558
8110
9087
5060
7876
1835
5525
1305
53
8529
8532
4774
9798
1677
6227
7332
2393
7988
9887
6065
2185
5361
1838
5987
1966
8723
2548
2561
3862
3982
526
8685
7804
4136
1857
3723
5434
5564
2434
8898
942
5485
9227
3461
2166
1732
1638
8828
7653
5538
1340
898
8250
6609
8829
5531
627
918
8157
3827
2895
4516
5809
2419
2198
9090
229
8821
701
2979
5239
5145
9624
356
7767
1600
6694
4253
6195
9572
1684
7108
6257
1918
6988
3925
4305
4369
4410
8538
6508
1983
7376
7209
8150
7007
1758
5275
3580
1325
8995
8666
9988
1997
5497
6892
1054
9895
3759
8229
2135
6667
9400
2696
2294
9729
866
3240
6296
7111
19
3476
6107
6246
7285
7199
5676
7900
2913
4347
418
6751
668
5042
3609
4814
1050
5843
275
2345
5659
9169
8836
8988
8218
524
2308
3990
9845
1779
5644
9103
9372
2522
8321
68
6772
4896
6586
9519
4537
1232
7327
1465
9430
2701
6120
8343
1808
1089
4760
858
5573
1251
6883
8120
3866
3960
126
3480
9508
1426
7395
9243
7882
9209
3034
3238
1120
6205
5575
7285
1623
3613
208
3314
6772
5089
8803
4179
5512
2147
6895
9163
2688
6472
7446
6355
8157
4796
258
6240
6839
298
3366
8216
1991
1459
6468
3071
3106
655
6199
2224
2174
4277
5308
6636
8052
1800
7453
6698
369
675
7511
8680
9633
5342
1816
2760
9770
909
5559
612
4177
3268
6602
935
3695
7400
2421
4974
9999
4008
6525
4999
9786
7520
3132
2538
9585
1486
6321
7254
9649
9508
4588
1808
4654
2910
1984
2225
962
9288
8338
2426
6677
324
4544
8289
3589
8116
6864
6526
2150
6563
3975
2970
8724
8601
7995
2843
5936
6224
6247
4650
8656
6492
4689
1322
5280
7575
8662
337
4474
7518
444
2381
1537
6622
4954
8541
9777
8085
2150
4548
1683
7652
7834
8007
2445
3038
9563
2694
5286
469
8560
7238
2076
8889
8041
6085
7723
7095
2847
2305
3016
5831
9606
3474
7525
4310
6086
4281
4300
8840
31
8238
6653
2353
4549
5395
4428
6397
873
1573
2285
3498
9478
8602
6298
3113
8892
7741
9848
3001
4082
3360
5218
5971
6068
6366
2297
9937
7896
1776
2274
8136
8381
5827
7604
7309
4765
5207
3503
6869
7562
3124
8468
2242
6622
5559
7704
4408
881
5116
3019
247
7997
9158
5634
2604
3759
4809
919
4907
7318
8900
3880
6454
9445
3745
6251
9455
826
6899
9823
2692
7713
7051
9980
9620
6903
5755
9384
4850
5247
7818
6544
4875
3498
3689
5908
5743
9817
1299
6572
2061
2425
2953
9039
3914
3463
1324
9047
1538
2545
3564
8381
8785
4397
6890
8871
5025
5058
485
8836
9476
6586
1443
9138
2839
1912
7179
2684
6922
3019
6320
4526
1898
4050
9653
4732
4361
9787
7126
6356
8865
8070
213
8267
1547
587
5593
6553
2576
9669
392
5608
734
9131
2158
3881
8140
5705
2126
8413
1085
4323
441
6736
5329
9838
8694
8841
4382
7069
4162
9895
6072
383
5797
9808
8932
4093
9686
3433
1521
108
2122
6989
5781
2798
8504
8702
9416
3422
7410
692
1046
6689
8720
4379
4093
7065
5943
4113
2351
4731
8660
1469
9498
5028
6549
2496
7194
8719
8994
216
7868
2198
4853
2376
9773
217
9430
6097
8487
1665
882
301
7469
7697
3003
6058
5951
3039
2655
2077
9625
980
7176
2565
5126
6130
9252
2814
6134
9572
7833
6358
286
4713
1305
1922
2127
2255
990
1295
1436
9706
7304
2598
4906
1148
4119
5192
2332
8558
409
5103
134
2607
7407
7068
592
677
1322
5211
366
6010
800
4282
1388
70
5165
1268
7055
7930
3905
6012
3651
7354
9912
6558
2210
409
706
3246
4565
9677
5453
3134
2854
3852
598
7597
9645
7576
4508
1827
9829
9315
710
7383
80
7255
3444
9191
4029
6297
33
7338
3978
8460
1715
2359
5548
7971
2887
7103
4400
6210
3054
7134
8283
6107
7982
2804
6255
9002
9820
7641
8671
6782
5279
551
9251
493
9407
5766
9136
8152
7554
6593
6101
5112
2122
6757
662
176
2158
1180
1643
5952
8024
6855
365
9678
4940
1556
5471
8609
5471
5224
3329
538
6348
480
2355
8219
6504
2959
769
4838
635
6401
2151
2663
7832
9186
1236
4853
8975
8681
4219
7979
2933
9756
6829
281
4851
7587
8256
6922
1853
4776
3175
4355
5638
5345
5364
5833
6160
9300
1295
8205
5260
5114
3475
3670
3480
6975
1844
7879
2205
1631
6503
8985
513
4164
9338
7897
4661
2562
5364
8563
7430
2836
331
161
2216
9672
5309
1917
7775
9486
2187
6976
8608
164
5527
6621
6278
5827
3235
1237
2102
3458
7132
9770
719
5256
3515
6209
6689
5162
9860
6658
5578
9586
4052
841
6411
0
1162
7053
2581
1198
399
1794
2355
1546
8848
1606
9671
7322
5045
3695
8926
8256
5394
5682
8211
5918
247
9676
5275
7858
1832
6856
128
1394
3689
4467
9821
7029
2882
3256
4260
3456
3976
6644
2015
8607
9312
5312
2646
6796
6449
4083
2252
6562
1699
436
917
8313
9575
3696
6995
7673
3972
3403
3024
7582
6665
8360
7136
3360
5693
2019
8937
555
843
9170
7135
4834
9462
8115
4365
1001
7866
2123
6010
4354
7896
2107
6781
5268
1714
4353
5763
2747
6261
6155
3783
2143
5258
4841
4860
4941
6174
7506
5689
7954
290
7526
7905
8733
1149
7047
2911
5210
9878
735
3327
1387
9231
6673
2021
4501
1596
5647
1930
7413
3231
3472
5487
2284
7345
7695
7674
2823
1232
5038
6039
5343
4289
5093
3571
9424
5297
2788
3538
3168
7944
8170
8104
6825
660
5383
2083
3536
9962
3803
9910
2044
8524
8661
7137
8599
1870
415
6743
3906
4156
7550
763
8715
9364
8339
9279
1610
1537
8820
8235
2248
7673
3210
2257
6111
4528
9712
8708
1816
902
9373
9107
3403
6451
2924
8125
5388
9542
7407
6850
2125
3726
2868
289
4453
1180
1370
2517
2261
4820
2669
5473
9946
1938
4481
9954
9323
6308
276
53
5983
6006
2946
5047
4345
3823
5066
9424
9352
6044
5165
1067
6890
8306
2542
1833
983
3198
2131
4212
2918
3105
6991
5498
8387
1183
3716
7722
4451
5057
1361
7791
5790
6178
3320
7456
1021
7900
2467
3495
9207
8069
3745
5162
6041
5436
6079
2453
8679
8014
4784
9169
5868
9267
4733
1765
6263
5172
6794
7797
1587
6043
5111
7175
4674
1773
9355
2520
7741
2015
6145
9848
6462
6340
5330
6755
2844
6605
5111
543
4202
3680
9030
7545
549
6518
1096
3520
8493
1799
7724
6719
8017
310
9481
4196
4389
1736
205
5095
2398
5500
2700
7327
5338
1219
9066
1489
254
609
8703
884
1213
8688
7175
7918
810
2636
4065
7223
3148
5010
8451
7501
2106
5096
9726
9214
7503
6552
9368
7413
2173
7643
7973
3078
7281
3874
2840
1608
7959
9527
4853
3528
7399
507
8613
4425
1956
3623
73
9456
8116
384
8042
1334
2030
1605
5343
5528
3248
356
1073
7643
6432
452
18
9403
5212
7628
7795
4058
4576
3751
3
5656
1380
866
7710
4130
5678
4500
8883
531
1555
7377
5037
5739
7573
968
7184
4092
4056
1466
3876
4416
6994
5619
4258
6909
4594
4780
7682
8275
1778
5222
861
3135
7534
6347
4243
8204
4482
3381
2487
8796
879
1658
4035
5675
3790
1475
5424
8323
4047
2848
4813
6480
364
5929
3272
4671
7204
650
7477
6306
7505
660
2532
7012
2905
7865
1000
236
331
4959
2338
1256
6672
2437
4308
3594
9434
3560
4089
8231
1314
9557
7965
5263
3356
672
1842
2027
9663
558
7134
1920
3322
9602
6725
4242
2258
4371
4742
9719
9020
3651
2128
1179
9182
5553
7638
73
5484
5880
2619
8888
8719
223
7949
7898
3136
4908
2765
6384
8417
1461
2227
8485
564
8660
3591
1462
3478
3332
4358
4162
2178
7957
9715
9413
5882
5416
1046
8445
6112
7952
8320
2368
4951
2414
644
8153
1970
8730
8125
7740
9283
4839
4861
4889
114
2181
7853
112
9641
5480
1941
7263
1074
9674
5209
964
2258
9389
9535
264
7224
575
9319
9806
6791
9579
7917
633
4436
7572
1459
8449
765
223
9097
4287
461
8218
4623
680
4954
8024
5395
2973
6452
9418
9393
4527
5389
2939
260
9800
3327
8097
5870
1839
4921
2485
2401
9516
1837
6326
4382
7153
1684
4779
1672
4382
2749
4200
2954
1314
1226
147
8096
7435
6995
8385
9992
5578
8182
6963
2382
5445
3288
9170
6596
1080
1554
2102
6080
536
9172
7139
382
9826
4642
6166
2104
3377
9177
7871
5856
6172
876
4479
9198
3962
1938
3854
6863
692
611
1625
9826
7118
1114
1952
3725
2774
3598
4508
9370
8699
2206
9633
7361
9320
4554
3145
3035
9062
7174
3916
5080
7895
2512
5809
7888
3842
9951
5385
7448
4594
8958
2855
5660
8547
1834
2042
4779
6884
7185
5902
8993
5570
6836
7619
6556
2722
9240
3901
924
5289
5954
6299
9567
6626
3277
1912
3677
2419
4829
5321
9342
2475
2081
4796
2806
1752
4910
2262
8833
8635
1034
3687
2903
7341
1711
3207
8868
1423
1220
192
89
3106
5552
575
8816
3388
4105
9541
1462
5158
1415
2656
3721
8029
1434
9688
697
1381
8296
6037
2613
27
7502
1710
6837
6576
910
2317
6050
6668
8648
9466
5452
7866
1482
5009
5808
4613
6879
4880
9627
772
1252
204
4959
7876
4193
8919
4904
779
8426
7180
5549
401
8564
5317
1709
4746
8553
815
2396
1540
5191
3330
5173
7875
4274
5395
105
3535
566
7821
7129
5882
7955
5519
4664
9710
8916
6425
2363
904
715
4719
4494
6478
7669
5364
8920
6297
1760
9835
364
2788
8869
8684
8048
3214
1492
6848
9529
1003
9653
5713
1935
5993
8041
1876
2448
1401
3091
5329
3535
2646
9792
793
405
139
4601
6715
683
2075
4122
2531
4197
7006
6576
4644
5909
5351
9114
550
1672
8875
9697
8375
6893
4883
759
2112
8519
8451
7078
6058
7659
2063
1342
6920
731
4433
5433
9154
8805
5741
2401
9765
7878
5612
2993
7048
8656
5336
3387
3152
6234
5768
8546
8971
5251
5546
9289
9224
7790
2606
6461
8321
9791
7689
4620
9873
5126
2679
5220
4188
3129
9710
5925
1324
4967
7490
5155
9344
4532
6265
6587
4682
9474
3242
9235
2042
2256
8365
8599
9106
6615
4391
8626
8340
8352
5883
5728
1793
6410
7250
6633
8221
7073
3314
3078
8196
9377
5253
7404
6059
937
8635
6398
4933
4588
9385
6601
3042
869
6561
1870
1405
2345
2027
7955
1220
2964
3170
5770
5688
5229
9394
4799
8550
8246
5522
2530
1208
7869
318
1446
8
2602
7428
3389
6005
7170
1932
4561
1648
9706
7450
777
607
6216
9258
1573
1537
4000
7316
8493
5947
4536
5520
6522
3868
9830
4136
6482
6402
3228
3281
8491
3264
7237
1297
1307
8692
2619
6839
6386
8253
8157
6882
4270
2286
9367
7805
888
3367
2348
4721
7885
3190
8839
3392
6711
2031
1636
4276
4107
7897
6218
7041
7106
6759
2538
3243
7236
2224
6624
4210
8458
7483
147
8854
4560
7113
2927
8671
9196
6182
9269
836
2288
2544
121
4486
8154
1473
6995
8861
6421
2109
2477
4435
630
718
4438
6298
5357
2693
8160
2269
1682
5385
5081
1442
5800
1320
8941
9970
7238
3163
2262
8604
7649
9651
7035
3577
8132
9936
9871
9575
4205
7072
5796
8109
5683
424
4889
2954
3340
6776
2679
3962
8246
8990
3199
9396
2315
3815
620
5838
3079
4766
1014
4224
7858
6643
6657
3936
2953
806
8624
9313
7674
5410
2973
8783
2117
3397
89
608
1346
9596
1627
3004
1888
9792
8144
5243
5577
9722
1027
4957
776
4373
4278
7350
3553
3604
6578
2940
8933
4079
8282
5221
5820
8707
9165
5313
252
9470
2709
5230
6729
24
8557
6503
1072
2719
7634
940
1505
1541
7240
2426
8590
900
1664
7545
5171
2157
6100
4552
9776
7074
8212
2150
2151
5589
7533
7733
6694
6018
7175
7124
8904
3323
4671
518
9517
1041
2320
5413
6233
6224
933
1192
3626
9726
6076
405
9016
837
117
7068
2198
2058
7245
3269
4012
2027
2649
7513
6775
5926
4585
8329
7148
9367
7799
4282
3785
7230
3818
6259
4284
1427
787
857
3750
1455
1547
3898
94
7688
4847
322
7462
356
2100
4698
9026
151
1604
1943
712
5769
773
240
7998
4374
1418
5851
2450
5198
6508
6247
5807
3989
4083
8873
9467
4988
2809
1735
5792
8547
5891
9545
4564
8195
5585
1280
7159
8460
6646
321
2932
4847
5031
7306
6852
9898
9291
2208
3176
7250
5719
1361
3038
4924
4665
6221
5408
8331
4920
5794
4913
7390
3051
7930
2786
898
7234
2475
3851
121
374
3100
914
9938
6481
3165
7273
5650
4582
8930
7588
5270
191
774
7595
7499
3465
2801
7624
7220
5160
5165
128
4203
1496
881
7624
7312
2793
955
2206
3191
370
974
8900
9281
2588
1670
37
717
8987
6689
9041
4409
1349
7557
8994
1818
617
8921
1738
4622
5111
8697
1520
3967
3071
5619
8116
9501
3743
6549
9042
7557
1934
3939
9912
9814
2288
1682
1157
5956
4094
165
1758
8863
5986
9268
1912
4318
8616
6244
4582
9881
3735
5327
7476
7620
3557
9636
9523
1279
2947
807
143
5738
3060
2608
3264
2055
6239
8846
8120
8959
9915
4820
255
6479
4591
9103
3888
3518
7297
5082
3297
6263
2709
81
3247
4864
8600
6116
8992
5964
8195
1332
3611
7278
5161
3453
8871
5979
2187
5742
5862
6696
9588
6825
7222
1742
1487
4346
1363
1596
8364
8564
5173
3342
9499
8742
2732
6437
2533
4097
4926
6399
7037
6108
8461
8882
3753
8770
4482
933
4542
3045
6444
7206
4565
8146
8964
7942
7203
5805
2874
1466
5659
532
7810
5244
6492
6870
6874
7298
9567
4292
2160
5551
9995
9835
5588
1386
5839
4330
70
6519
6348
3676
2
3119
6769
3108
7030
6328
6256
5105
3205
1892
6261
5910
6785
6367
2781
1915
699
3435
2911
2522
6369
7476
3890
9020
3512
9136
602
48
1234
2979
8003
5740
1369
3233
7483
7945
7220
9835
7302
4388
1336
8863
993
5420
6234
8583
5614
7238
421
7522
8079
5635
3887
342
9038
3461
9960
3745
3314
1476
6113
4269
5411
624
8080
8947
1386
9991
8370
2523
4942
1371
8689
2826
9528
223
5147
8778
2677
4838
8252
4763
6492
4657
1837
8176
2406
9373
1323
8261
5588
426
4492
4796
3063
9047
3730
6217
1153
5013
1187
5461
4407
1904
9206
9975
704
3366
3698
4317
4408
2868
6962
7296
7937
7407
6901
424
6697
1311
325
8879
1248
3382
5087
6312
4795
2825
688
4389
116
5269
7767
8032
5567
6796
9828
1117
6078
488
6291
8598
3139
6141
3508
6637
2516
9818
7280
6624
5353
8045
1472
6717
7860
7438
113
3269
1018
2097
7658
6170
7403
1722
4962
6604
3820
4768
4607
9174
3211
6401
6293
5617
6659
3112
1525
5819
6514
4716
2335
8043
9831
3377
3181
5184
24
2544
2040
270
5646
3088
244
3880
9941
4212
6104
4683
7785
2898
2476
1991
3216
1319
6916
2072
9592
9306
4207
6497
9637
9751
3805
1232
4765
2786
4177
7795
3602
9700
8984
3309
3208
4867
3727
2932
1350
2210
3927
1578
485
8196
4198
6796
7015
3860
1814
7877
6480
3969
1383
6740
7258
5717
9052
6272
6318
8427
540
8138
5066
5155
1465
1309
470
9281
9577
2863
6682
1129
254
5192
9886
8613
8977
7838
9484
722
5971
1414
1715
9658
6480
3840
7405
597
5818
361
3938
7986
758
7267
4528
3693
8557
1088
7871
8508
5468
9244
7710
9389
4089
9645
3333
1460
6140
6570
111
9904
4465
4656
4919
5269
5043
4378
5884
9505
3872
4406
590
2475
130
6935
4581
5342
7876
6420
1010
3537
409
4545
4947
6796
6100
1961
6719
2420
3205
8814
2911
3231
49
8083
8581
7511
6060
8774
4311
5264
3145
6735
4509
892
8303
875
7557
8048
6715
9067
1332
3843
1191
336
5847
46
3966
4285
744
5425
3998
8327
7548
2650
7411
6546
4276
3292
7986
4088
9242
5247
1678
2057
1456
8253
9361
1178
2006
4613
9537
8447
7660
7071
789
2738
9029
964
3869
586
916
6560
7638
8335
7626
6032
9313
8738
9030
7630
4261
2778
4706
752
388
3801
105
1798
7172
8605
5636
952
4618
7543
2733
7917
6968
9235
8245
5527
7999
578
7108
6856
5035
4307
3369
6337
3367
2673
3506
4127
4211
3164
373
8752
9586
4569
4128
7985
1222
6380
3916
8259
3078
496
2858
4683
503
7443
3068
1290
3850
2042
9569
4396
9162
6070
8211
1466
9068
9631
6705
9658
940
180
3795
4309
7738
223
1437
4082
2953
6329
992
4127
9004
3224
6772
225
56
4526
8837
301
4928
1174
8305
7716
2179
9557
9931
4535
4970
1680
7979
55
9903
2066
8532
9226
4855
3988
2634
6193
8549
5882
7934
8760
1924
8990
130
4789
9660
6942
7857
6351
568
1703
8222
1040
4630
3329
8261
1665
2505
5906
5854
453
9319
3144
9129
3228
8972
9230
8086
1479
3226
5008
1153
5451
5634
5390
6179
8262
2709
1892
1426
4899
2554
7247
7152
230
4898
1351
9767
5511
7908
2062
3257
8293
8095
6077
7960
994
9754
973
36
694
112
5230
6431
6532
1044
49
4206
8165
2992
1723
5094
5765
4516
1634
436
7199
2278
688
8913
1551
8883
4253
2057
3791
531
684
1821
2891
7993
2281
1346
7038
7762
2276
9001
3455
7071
4479
6007
7616
3508
2170
8660
9398
4582
8151
9077
1538
1688
7389
2472
745
7153
8121
1821
3827
4390
8200
2880
1604
5831
1379
4750
7607
1356
7098
2664
1925
6427
70
9155
5798
7615
3446
4037
791
4412
3686
5848
9116
5231
299
3677
8440
5055
856
651
6358
331
5908
9850
3381
5797
2812
1324
6189
559
4786
5522
2978
7172
1233
686
9439
1956
6241
3936
6955
3199
7029
9815
67
7155
9394
1132
7422
8919
8547
8628
9475
6675
8143
8449
4588
758
791
580
6243
6411
2689
2667
9104
7166
9808
1978
7676
6938
433
146
9713
37
4579
9697
3389
1094
4529
7115
5331
6566
179
6877
1041
1624
2274
5571
4004
9615
2808
6028
4429
5489
559
7570
2817
6871
4459
4138
9391
7606
9662
7269
4178
7013
1690
8914
4084
6101
68
956
8639
4421
1427
6721
8658
6883
4801
8613
3431
4126
5743
7851
9498
580
7399
7130
2475
4559
4823
509
3133
9737
4928
3227
9298
4708
2884
7692
9392
7592
4180
4636
6482
506
1093
9658
5183
630
8749
1205
6028
5238
241
8739
3198
5171
1690
359
3095
8705
2590
8627
320
4477
7781
956
8430
9655
2556
1780
7884
5823
5293
5968
9798
3812
9666
332
4823
9948
6920
6209
5142
7258
9779
5462
8319
1088
8605
4243
4695
7768
4282
9657
8478
7117
6619
8337
5268
4985
1856
4525
1628
8522
212
7163
1620
3715
2778
9976
8198
2514
7968
9038
6292
3444
5468
175
1964
9068
3960
3392
8058
9026
7878
322
5750
5416
1342
84
5310
6909
2633
3983
3435
9028
7723
2634
1666
875
9733
3509
9554
4582
1939
5683
4882
3811
9508
1311
6877
685
9699
7868
2099
9024
3064
7077
5783
5038
8107
3511
9457
1654
288
245
1312
9749
9299
8132
2536
8260
3095
2874
7419
5465
9
7266
3945
2824
2030
3872
6024
6021
9302
4032
1853
3464
3437
7204
4590
4089
9743
6245
5153
5339
4128
4155
3368
7846
9941
3034
8661
1608
5910
1675
2583
7962
4867
3280
1970
276
6932
1781
4739
122
6954
6147
3559
1377
214
2609
2407
4816
7686
5427
9163
8294
9131
9938
6759
5367
6216
7990
9034
4598
9877
8059
2991
114
9710
5634
6847
9560
2018
5337
9122
8990
6382
6360
6435
641
8811
4585
8485
8855
7077
4623
8797
5663
1953
597
4644
4862
409
86
8116
986
8922
893
9755
1618
5031
3173
1470
3867
3416
2760
4624
5748
8122
5863
5040
3121
8847
9377
3277
3475
6706
3655
8185
4540
9119
8421
1949
2270
1880
7744
2644
7272
5018
9374
3263
5470
7746
7145
6430
3203
7057
6944
6509
947
5578
9894
1503
2062
2292
3482
2190
6038
7303
7696
8508
3426
9367
762
1012
5369
4711
789
9778
3439
4498
4239
8551
2912
5805
9750
8193
1135
9726
7388
7924
5010
2211
494
4411
3520
7200
899
4241
4901
3219
5631
8790
9452
3107
3102
554
8689
8844
6607
282
9840
6538
1846
7498
5033
9265
9653
6719
2882
3473
5239
7869
4738
9056
2871
7637
6434
3355
1637
557
5155
7490
2615
6063
7812
1122
9311
7050
1306
7935
6983
9692
2345
9454
5273
8502
6158
2167
170
5427
4649
4043
1910
9835
2764
4110
4148
1535
5360
3284
5499
6685
7999
331
2460
2220
7828
3228
2343
5604
7091
3635
2955
3313
8124
6071
3141
9453
3418
5218
891
8226
6970
6246
5259
8582
8047
1551
3734
268
8777
2326
8868
1673
6645
9951
6122
1178
9511
4882
186
137
6015
4425
6233
1424
5526
1682
3247
7687
1093
8060
1424
5461
1317
8438
8578
2893
9951
2938
639
3451
2655
7447
4822
5261
5579
7207
8456
2678
8485
5806
5854
1895
5923
9536
241
3462
1087
6383
3906
3660
8844
4412
4285
758
2906
1820
1533
2781
2312
8984
3515
1690
2162
8945
4958
7676
8018
5294
5683
7001
5454
3338
1803
4172
2862
3915
1357
9824
4649
4965
4065
5809
5706
9498
6762
6112
6048
5905
676
8533
5176
4481
3901
1438
5014
9239
552
9442
9274
5213
923
7397
3438
786
8825
8536
2855
9188
6891
841
182
1865
7953
7910
7486
333
7947
2677
700
8347
2130
3222
5164
1595
3775
5814
579
6451
4338
1654
6541
7405
4628
6311
7940
9038
3141
4739
8528
4201
7527
810
4391
8138
8040
5450
1989
2882
7153
1421
9756
7397
2964
9641
7746
6072
4938
1519
5267
7149
3455
3532
9306
355
212
32
5090
600
8170
419
7553
322
5753
3714
8468
3239
2085
604
5576
9825
1826
6574
2669
4251
3717
718
4686
4345
3398
578
7439
580
8583
3934
856
867
3162
5361
9131
3753
9564
3157
8997
3270
878
2623
1809
2448
632
7065
820
4720
185
3503
6703
3274
1764
483
8144
6362
22
4132
5293
8552
7045
2725
3914
4413
6756
8860
5721
3717
951
5768
7610
1645
9363
7399
4689
8289
3302
5976
4168
4958
5137
8291
9293
1207
3509
2716
7774
992
5753
9814
7157
2120
9260
1280
4709
804
1124
5147
4756
9419
7670
3651
8361
2667
1819
5733
326
6506
594
3451
2478
5026
3363
6311
274
6720
2200
5129
7856
9520
5843
8158
2026
6176
5252
121
9228
5470
7643
1964
8689
4297
3694
6453
9413
8297
5419
8614
814
6074
2769
5286
2007
6294
1945
6252
2609
4707
4737
4586
9750
3396
4703
307
2077
1618
6813
7457
5528
3062
9365
3780
6409
9928
5042
7746
1452
1012
4708
2814
2885
1571
5516
2733
3252
4079
8796
8927
2043
7700
1680
168
321
3101
362
4227
3334
3259
4972
884
9003
287
4343
6441
2154
2495
8455
9338
4883
3029
1616
7322
1239
2869
3888
1315
8005
1420
4569
9849
9314
2121
1555
9556
93
1845
1677
5116
6015
2305
8369
1348
6355
5961
970
7292
5539
1004
6735
9213
308
7962
7088
4557
377
5559
8341
8136
5558
2517
1253
9320
7699
6358
645
8888
4464
2365
5067
9061
5445
5854
1448
4137
7910
9664
8243
9359
7344
9319
7613
9100
7017
8301
9626
4942
4292
5418
6183
3859
2539
2886
7190
4813
4797
7535
7337
2344
9101
4785
1662
7566
6517
2400
3398
3736
8295
2130
620
4646
5112
545
800
1927
8390
1590
1603
3921
1076
6293
6892
3486
4634
8392
9439
1222
471
4346
9953
1260
5775
6508
4127
9678
2276
6723
2672
2893
7540
3919
1892
966
8438
9618
9128
3107
6686
5843
5528
123
4490
9181
3509
6570
2331
8076
4018
2774
9984
4813
3757
9758
7756
1588
1019
8978
9404
6647
8984
5211
645
4018
2576
526
7275
3537
3806
3331
2547
8495
6020
3666
2270
8047
6591
1664
5147
9680
2133
9370
8767
7645
20
6392
5625
9372
8572
5573
941
2232
1697
9884
4014
3587
4759
8746
8755
209
1910
5247
3903
9929
9772
48
3490
6013
3794
1660
3594
7381
8805
5175
6665
351
3709
8861
2433
3621
5512
5432
1446
4654
7427
8535
1127
8420
6863
7398
2671
109
3494
1734
1457
8960
5822
6976
4894
2659
6550
7936
4962
6660
245
9909
3302
9721
1341
3023
3371
6117
8294
3596
7156
7422
3542
1535
2877
5906
7029
4009
178
5740
2631
346
8888
2324
3833
3361
749
945
6303
5097
1511
9959
8070
8639
5640
6821
3278
4127
4760
982
6276
2195
9574
7360
9772
2794
6534
5820
253
4247
6993
8826
4994
1977
9289
1170
6269
2287
5590
9691
5185
6280
7162
775
3417
2680
2050
4107
665
6227
8252
8844
8839
2531
3272
9715
918
120
1802
1543
9437
4977
4431
917
8548
964
2327
5422
8112
4991
8189
8716
5383
387
4519
7997
2782
8149
731
9890
9956
4620
5308
197
1068
6062
8989
3330
1643
2170
4348
5424
6985
1785
7188
8005
7537
9297
8882
3387
1481
9292
680
6530
3268
4345
985
7514
6752
1035
8271
8988
1117
7681
6956
974
3772
4658
359
1431
5873
6091
3871
2008
6323
1073
8766
1878
6171
3362
6822
1558
5845
8141
1272
5077
2758
8012
3422
766
3111
1793
9087
5645
4387
4422
6615
9507
6328
6913
6319
8453
9014
7151
7660
3940
1059
4107
5006
4693
5027
9063
4802
7623
6609
3857
4417
4164
2117
4475
2198
4021
9014
870
3123
7738
1052
1990
454
6439
6909
9717
2492
3166
1989
4370
9296
2343
1384
1359
3802
6785
7938
8973
6523
7855
1190
6822
3179
7813
6656
6992
1686
7335
7180
6183
9558
8837
3676
6088
674
5673
3354
7325
7048
5676
9591
5313
9148
6728
5315
2579
5087
2042
2991
8974
5266
6953
7031
543
5453
9411
1894
6092
591
9991
3346
7266
8779
4359
191
1213
6984
3231
3495
2940
8144
1629
1555
3612
3749
6498
3756
3375
7258
8561
2691
1646
3187
6571
4865
7795
3856
7048
7211
6535
6177
253
4450
3545
225
7830
7367
1457
8390
3851
1816
1062
4152
4191
7159
6527
3511
4844
2384
5103
7485
1966
6666
1160
7644
3214
5130
8791
2231
1737
2018
4520
8923
229
7389
4684
6473
155
3895
8391
3522
4269
1728
9176
4427
4584
8015
6646
4085
7532
8626
3397
8048
7501
1095
6640
2697
2630
7199
9830
2900
9362
5736
7465
9975
9418
4064
1287
370
9407
5531
6291
5964
9000
8177
1449
4732
2081
874
2352
7981
9127
947
6097
202
9036
2310
2510
4133
5594
3551
101
4603
2474
8841
368
6527
648
1493
919
4111
4108
8327
7906
5746
7962
2013
5049
4298
2104
1152
42
9681
656
4370
3905
1062
4566
8655
5405
819
4920
4549
5364
3714
8143
7023
3741
919
180
2820
1451
8964
2440
6234
3629
9796
2259
2436
1229
5284
8072
6122
8752
8716
4654
7475
23
8195
7556
8253
7855
9613
6477
3162
1497
2215
4428
6044
8623
9879
1311
4754
1039
4860
4099
3940
828
9263
2595
4313
4081
5243
9601
3574
5096
9121
3694
6522
5522
7493
5790
2229
2352
5369
8691
7439
2027
6517
7081
8938
3326
9657
8012
2592
85
2122
8726
9839
8720
387
535
8722
5058
3965
9649
7384
2888
7771
2297
3809
7940
5869
2372
3635
2540
7418
611
7382
4173
7670
9248
2497
195
6567
4692
5971
6651
8403
5700
269
7713
7767
8698
4186
1157
8817
7977
4458
2622
3861
2903
5298
2635
925
392
5157
9997
5978
1848
2665
140
6637
4368
7842
4653
6149
340
888
75
229
6848
9952
1319
8135
5642
2537
8707
7407
9117
7002
5225
9382
7721
5410
1092
8209
6853
7509
5713
1930
6273
3994
8627
1061
6997
2146
5641
2905
3244
4616
6642
8901
122
6327
9916
8259
3522
4913
7070
8745
3777
5880
1835
9313
7007
7998
7217
455
148
6412
593
2441
1765
5440
7189
8612
3344
8433
6357
685
3989
6050
6945
2962
1888
6769
2315
1452
9756
3450
4504
2731
3191
8785
6296
2350
8465
7178
7121
3743
4196
7400
7837
2873
667
2625
2630
3593
4366
5557
3123
9391
1843
6377
5461
6365
5290
1916
1966
1271
3366
1517
5781
8355
3873
2384
7411
3477
422
8501
2979
9720
3500
2903
2582
7948
6628
2726
6866
9410
6023
1874
8966
3633
6217
6375
1937
6297
5416
1961
5055
4535
8288
287
9255
8540
1287
727
6157
2459
5023
4037
5593
5322
5056
8772
609
8918
5446
5991
3318
6588
2608
6714
3645
4858
3143
2950
4655
2817
5846
8104
7761
5345
2997
6133
3988
3453
7365
1430
5784
8288
8841
1531
805
3704
9417
3333
7708
9545
5903
3961
3563
7378
3456
4094
1746
6770
2541
4635
3124
4096
8901
3463
9566
9257
3052
1902
8735
8737
3303
3711
9564
3861
6821
9557
1551
8813
7652
4912
1171
2255
5617
4646
6546
8881
1784
1669
9264
3409
8056
1518
3650
9486
2344
4658
6477
7482
8926
1181
9158
3346
1908
4109
300
7764
2594
355
9373
4221
5912
6366
3793
1655
3354
1166
7989
4562
9060
5797
5239
5758
1136
7457
2049
8052
7609
1620
8510
2224
7568
2861
1557
9690
5647
4342
7363
6353
8929
1621
430
9660
2908
6232
9895
4838
8468
1219
8352
5461
7222
9309
577
984
7610
5246
2911
6959
9489
4332
2468
6050
3701
4505
6107
78
6749
4307
4359
5904
2659
1652
6673
4480
3175
5221
7791
1689
4647
9198
5079
9573
5760
4991
8684
144
1192
7920
8187
2363
6483
4266
9919
9755
4383
3859
9036
7038
5892
6151
4747
6363
9864
2575
1769
5763
3825
6837
2614
8133
1534
1644
1277
302
6723
8884
426
9559
3910
4053
7275
9545
1359
50
9582
5856
2067
6725
1668
3848
2095
9132
6198
2045
4845
5611
8290
8352
9992
2393
6502
8373
2752
4612
7752
5323
1177
5802
3593
3726
4460
1530
6646
567
7690
4343
5270
7038
2816
2500
4047
8480
6197
7389
5649
3928
9563
6647
5759
4206
5126
8178
3134
1209
3533
1798
3745
5027
5587
887
7326
8244
4597
6688
332
6477
5055
229
8507
3164
6546
216
3793
158
4963
6218
4864
3125
2891
7186
3329
7923
6723
3972
1209
1928
3581
3117
2703
9383
5466
5145
3502
4155
1199
9651
7792
610
7561
1616
3005
6187
5827
6167
2485
2000
5479
2982
7726
5420
5789
7153
9531
3553
76
7879
4293
4492
3251
8980
4855
1162
3466
1178
1348
1597
5466
3141
9546
4130
6145
8870
7436
9710
6763
9185
4410
8630
8824
9934
4567
9077
4987
1318
3014
6923
4379
2281
2315
699
2521
2409
960
1924
4965
8195
8240
8575
4832
7595
2314
4849
6656
9023
9008
5865
2161
2118
6862
6002
3272
3593
7134
2317
4647
3914
411
7888
2380
4482
5695
9505
1262
7395
5226
8727
1340
2486
877
3983
4167
2151
2039
1558
6164
859
3431
8436
1590
5210
5776
6257
1108
5467
8251
3717
3735
8471
7780
7697
4610
6988
1415
6124
1990
1973
8315
299
6316
3575
8082
686
2763
7634
1367
4916
3639
3266
2932
1557
4601
3449
9506
1151
8554
3735
9995
3716
149
3832
5907
6722
9670
8554
1077
6562
1975
7363
4789
9484
947
2874
1180
278
4119
2673
5738
7649
3864
6390
8411
2787
9194
5222
8660
4077
3390
2741
8682
4362
9957
1592
5155
8558
8207
6231
4779
5214
8206
4771
8671
7614
3910
425
2549
4583
6211
521
2225
5418
220
9093
7474
7368
4149
1495
6237
6319
4533
8196
5570
2932
1592
3007
9623
7728
1732
4531
7250
7961
4974
9957
6715
9048
8934
1939
2079
3028
9955
1761
6390
4406
3886
4718
7159
6877
7608
1727
8405
2230
9310
6674
1271
9460
5666
7275
1594
4710
20
465
2709
6971
6970
9915
8675
4282
3115
1228
6911
4967
3365
2918
4456
1986
1025
6287
765
6604
5852
4212
1460
7631
4816
2525
3633
4436
2893
2877
7871
1064
5389
3329
7314
5698
9294
8350
1611
7371
283
6869
9254
4516
6073
847
274
945
6452
9262
4561
8533
2034
4077
8259
2364
3418
7355
8284
8238
1673
8887
8897
2012
2
644
1119
1799
1563
168
158
8410
2254
496
1323
2075
747
8785
9793
8816
9733
9772
9509
2672
1444
8620
8389
9924
6254
4560
1540
6953
8500
7659
4233
855
245
3312
2152
981
8128
3230
6534
1722
1349
6754
3384
5798
6975
2535
1777
5226
3036
1685
9097
4951
6454
6818
2320
3799
9025
3706
1744
2316
9345
3047
5918
6224
9106
4157
6862
5990
496
4290
6647
4740
6313
845
9001
8740
4997
2934
8738
2914
4841
5973
296
2193
9215
9708
5790
5438
5044
4805
2195
6453
3436
389
2960
3118
8296
8874
8848
9513
9527
2558
9484
3382
8150
8329
921
1223
1906
7273
4961
9146
183
4832
2906
5444
9872
7453
280
3126
941
3001
5019
3428
9178
996
751
4418
1788
994
6467
6040
6746
8547
6289
6331
674
1533
8077
4833
4440
4513
8961
3291
2675
9898
5398
4083
713
1861
6863
994
6279
6136
5357
506
790
6961
3412
4927
2716
4903
1620
7714
3657
7916
3530
2826
9872
9492
5376
8536
6217
2290
8843
7558
5011
4052
6511
6352
9614
6586
2998
5255
9089
8141
5925
4734
4048
8041
2685
3428
4035
5995
826
3409
6134
579
7426
697
3655
3483
2162
7958
8802
4026
1532
1969
6265
3365
2217
6006
6363
3089
9413
850
5964
5677
6539
9472
5793
5234
3247
2063
4562
6395
5734
5720
2152
844
1221
565
9479
7139
5648
2327
9833
680
5903
4151
8492
7021
7362
7184
9117
1307
3433
3303
7399
9736
5018
7969
6397
9735
5923
2597
3603
5029
1453
606
8619
3933
8160
3526
4975
537
9280
4829
1492
954
4606
3451
1690
1486
2855
1612
4764
6965
3817
4211
7072
1632
8
6080
4970
986
842
1875
9822
882
2832
5777
8642
3167
4615
8032
6324
6578
6308
6633
4123
1453
4855
2784
7205
2500
759
7660
5493
6113
7539
1761
4108
6883
5224
4240
8024
2511
327
3446
7736
717
4314
6852
9358
6519
2345
2399
3298
454
470
8449
9664
4546
4144
126
3570
1878
1082
9779
3077
9640
9122
4192
1134
