Output for data containing 500 integers
All times are in nanoseconds

Summary of heap sort | times | swaps | compares:
Sorting an unsorted array: | 293350.0 | 4237 | 15144
Sorting a sorted array: | 303990.0 | 6995 | 20000
Sorting a reverse sorted array: | 234730.0 | 3672 | 13986

Summary of shell sort | times | swaps | compares | using the following increment sequence:
29524, 9841, 3280, 1093, 364, 121, 40, 13, 4, 1
Sorting an unsorted array: | 255220.0 | 3729 | 25623
Sorting a sorted array: | 21090.0 | 0 | 6978
Sorting a reverse sorted array: | 36030.0 | 2306 | 18508

Summary of shell sort | times | swaps | compares | using the following increment sequence:
30341, 10111, 3371, 1123, 373, 149, 53, 17, 5, 1
Sorting an unsorted array: | 91730.0 | 3937 | 26525
Sorting a sorted array: | 23140.0 | 0 | 6840
Sorting a reverse sorted array: | 50180.0 | 2210 | 17890

Summary of shell sort | times | swaps | compares | using the following increment sequence:
29160, 9720, 3240, 1080, 360, 120, 60, 30, 10, 1
Sorting an unsorted array: | 153250.0 | 8561 | 49657
Sorting a sorted array: | 25270.0 | 0 | 6852
Sorting a reverse sorted array: | 61610.0 | 3457 | 24137

Summary of shell sort | times | swaps | compares | using the following increment sequence:
30341, 13791, 6268, 2849, 1295, 588, 267, 121, 55, 25, 11, 5, 2, 1
Sorting an unsorted array: | 81660.0 | 2724 | 23481
Sorting a sorted array: | 25050.0 | 0 | 9861
Sorting a reverse sorted array: | 37130.0 | 1807 | 18896

Summary of shell sort | times | swaps | compares | using the following increment sequence:
1
Sorting an unsorted array: | 459520.0 | 64052 | 321759
Sorting a sorted array: | 2090.0 | 0 | 1499
Sorting a reverse sorted array: | 800330.0 | 124747 | 625234

Input sorted:
99
153
346
359
547
636
852
1213
1372
1468
1586
1591
1741
1771
2014
2122
2184
2436
2547
2633
2661
2798
2874
2912
3027
3030
3065
3180
3232
3311
3422
3519
3569
3640
3662
3690
3753
3861
3977
4044
4051
4105
4129
4140
4612
4729
4788
4840
4911
4927
5203
5258
5345
5375
5398
5405
5459
5472
5481
5517
5520
5574
5645
5730
5860
5890
5933
6067
6170
6206
6250
6326
6377
6383
6508
6661
6790
6924
7084
7120
7300
7348
7416
7429
7470
7782
7831
8235
8329
8374
8576
8625
8746
8866
8931
9046
9163
9499
9515
9555
9581
9788
9834
9924
10002
10026
10288
10330
10546
10640
10665
10703
10953
10979
11092
11115
11117
11138
11268
11534
11590
11628
11663
11878
11896
12018
12131
12170
12180
12298
12653
12663
12701
12854
12882
13062
13133
13203
13223
13227
13283
13308
13336
13497
13604
13686
13745
14007
14052
14194
14205
14422
14627
15168
15201
15242
15322
15338
15458
15577
15579
15702
15765
15907
15942
16071
16215
16251
16297
16400
16519
16524
16573
16841
17014
17148
17161
17201
17226
17315
17318
17410
17604
17708
17714
17722
17792
17882
17884
18585
18777
18860
19027
19078
19115
19270
19318
19334
19372
19644
19719
19743
19905
19984
20064
20075
20224
20295
20501
20527
20708
20802
20805
20887
21028
21061
21176
21195
21506
21610
21761
21984
22016
22229
22242
22518
22543
22604
22657
22683
22693
22741
22839
22944
22958
23070
23211
23257
23348
23349
23459
23623
23652
23731
24147
24478
24655
24667
24702
24751
24770
24811
24940
24965
25187
25191
25285
25401
25410
25455
25626
25647
25669
25845
26003
26003
26052
26089
26109
26140
26308
26339
26429
26564
26570
26655
26677
26846
26918
27153
27319
27340
27524
27634
27888
28051
28326
28391
28532
28660
28723
28724
28784
28953
29001
29122
29201
29377
29392
29465
29466
29541
29549
29566
29665
29734
29778
29814
29825
30036
30083
30224
30453
30928
31090
31107
31520
31652
31666
31747
31758
31897
31991
32126
32139
32213
32339
32483
32488
32490
32693
32842
32866
32996
33125
33181
33507
33588
33588
33609
33862
34023
34041
34088
34105
34192
34199
34257
34415
34486
34615
34684
34835
34948
35036
35137
35323
35514
35515
35757
36003
36285
36437
36485
36522
36604
36609
36655
36757
36791
36853
36854
36919
37112
37210
37273
37451
37692
38035
38254
38257
38343
38419
38442
38501
38649
38708
38989
39038
39038
39129
39140
39190
39215
39288
39301
39545
39687
39781
39907
39944
40128
40325
40482
40561
40572
40723
40808
40823
41014
41017
41058
41132
41266
41295
41344
41409
41492
41794
41885
42021
42134
42188
42244
42494
42506
42526
42850
42856
42922
42961
43330
43367
43672
43762
44084
44173
44228
44267
44668
45053
45211
45312
45337
45404
45605
45778
45804
45967
46002
46052
46068
46104
46129
46188
46569
46794
46910
47006
47087
47092
47139
47182
47201
47240
47550
47570
47666
47732
47733
47750
47766
47871
48015
48065
48123
48249
48269
48310
48421
48490
48641
48679
48765
48818
48821
48853
48871
48894
48985
49073
49128
49303
49327
49429
49454
49658
49710
49795
49885
