Output for data containing 10000 integers
All times are in nanoseconds

Summary of heap sort | times | swaps | compares:
Sorting an unsorted array: | 2137450.0 | 129559 | 478736
Sorting a sorted array: | 1482000.0 | 227118 | 661708
Sorting a reverse sorted array: | 1092860.0 | 116652 | 453294

Summary of shell sort | times | swaps | compares | using the following increment sequence:
29524, 9841, 3280, 1093, 364, 121, 40, 13, 4, 1
Sorting an unsorted array: | 1964660.0 | 161309 | 1031815
Sorting a sorted array: | 327170.0 | 0 | 225270
Sorting a reverse sorted array: | 946910.0 | 55885 | 504695

Summary of shell sort | times | swaps | compares | using the following increment sequence:
30341, 10111, 3371, 1123, 373, 149, 53, 17, 5, 1
Sorting an unsorted array: | 1828690.0 | 130273 | 876107
Sorting a sorted array: | 267330.0 | 0 | 224742
Sorting a reverse sorted array: | 763300.0 | 60522 | 527352

Summary of shell sort | times | swaps | compares | using the following increment sequence:
29160, 9720, 3240, 1080, 360, 120, 60, 30, 10, 1
Sorting an unsorted array: | 4790390.0 | 695695 | 3703790
Sorting a sorted array: | 393610.0 | 0 | 225315
Sorting a reverse sorted array: | 768120.0 | 80403 | 627330

Summary of shell sort | times | swaps | compares | using the following increment sequence:
30341, 13791, 6268, 2849, 1295, 588, 267, 121, 55, 25, 11, 5, 2, 1
Sorting an unsorted array: | 1729910.0 | 100979 | 819263
Sorting a sorted array: | 501080.0 | 0 | 314368
Sorting a reverse sorted array: | 664480.0 | 48602 | 557378

Summary of shell sort | times | swaps | compares | using the following increment sequence:
1
Sorting an unsorted array: | 1.4178594E8 | 24814568 | 124102839
Sorting a sorted array: | 33080.0 | 0 | 29999
Sorting a reverse sorted array: | 2.8396161E8 | 49994844 | 250004219

Input sorted:
5
18
23
37
38
58
77
77
125
130
131
149
170
176
240
259
268
277
301
305
330
363
463
475
573
625
627
678
688
705
714
762
786
805
820
885
938
939
951
967
987
1005
1009
1016
1112
1136
1170
1253
1335
1365
1373
1389
1407
1410
1413
1440
1454
1504
1511
1512
1546
1620
1672
1683
1704
1737
1783
1846
1847
1926
1944
1971
1984
1990
2004
2012
2021
2023
2056
2078
2095
2107
2120
2130
2152
2196
2222
2288
2424
2452
2481
2530
2541
2546
2554
2710
2711
2723
2730
2735
2740
2759
2827
2844
2844
2879
2890
3066
3070
3100
3116
3142
3161
3197
3214
3241
3273
3379
3389
3421
3435
3447
3515
3528
3561
3586
3606
3607
3650
3652
3654
3688
3754
3819
3833
3836
3844
3859
3912
3921
3982
4065
4110
4185
4199
4304
4343
4372
4418
4454
4466
4502
4506
4524
4530
4603
4628
4633
4634
4674
4705
4706
4723
4729
4759
4765
4832
4843
4876
4882
4935
4938
4972
5014
5055
5060
5097
5109
5177
5192
5232
5235
5237
5239
5253
5254
5346
5350
5377
5380
5388
5406
5412
5450
5498
5500
5505
5511
5522
5523
5659
5679
5693
5729
5750
5848
5869
5879
5881
5930
5968
5998
6019
6038
6101
6179
6188
6218
6285
6297
6366
6391
6428
6441
6446
6456
6466
6487
6491
6501
6515
6517
6564
6586
6617
6626
6629
6638
6663
6686
6689
6690
6713
6714
6721
6745
6751
6755
6792
6820
6823
6879
6898
6926
6953
7073
7074
7129
7170
7231
7232
7260
7286
7291
7332
7379
7381
7433
7447
7464
7497
7505
7530
7532
7542
7620
7698
7747
7759
7769
7855
7886
7890
7942
7982
8031
8040
8060
8115
8124
8135
8148
8150
8178
8188
8198
8204
8207
8271
8274
8400
8408
8448
8449
8508
8544
8576
8624
8648
8720
8726
8770
8836
8925
8955
8981
8982
9012
9078
9082
9090
9133
9187
9207
9213
9225
9242
9256
9292
9319
9341
9342
9362
9363
9407
9423
9452
9468
9490
9531
9547
9548
9553
9554
9566
9577
9599
9621
9632
9644
9669
9676
9683
9726
9788
9810
9890
9892
9910
9963
10017
10036
10176
10185
10190
10197
10211
10274
10310
10317
10325
10330
10360
10375
10403
10437
10440
10450
10491
10505
10563
10577
10596
10603
10619
10639
10654
10656
10698
10730
10734
10810
10836
10841
10863
10875
10900
10931
10932
10935
11001
11040
11042
11068
11139
11193
11212
11215
11240
11246
11257
11297
11301
11314
11347
11388
11393
11407
11448
11460
11462
11488
11501
11547
11578
11597
11611
11637
11645
11670
11675
11685
11704
11748
11776
11839
11880
11883
11892
12016
12020
12093
12138
12161
12169
12181
12189
12199
12248
12319
12357
12394
12400
12427
12446
12495
12594
12600
12638
12676
12688
12736
12740
12757
12799
12882
12883
12911
12946
12962
12966
12968
13055
13122
13124
13139
13140
13157
13173
13181
13187
13191
13214
13241
13255
13283
13285
13312
13334
13344
13348
13389
13393
13468
13497
13554
13577
13579
13596
13638
13680
13691
13692
13694
13694
13705
13770
13882
13898
13961
13976
14027
14038
14053
14086
14089
14141
14146
14165
14215
14239
14288
14301
14304
14338
14359
14371
14533
14587
14640
14666
14739
14750
14852
14895
14933
14999
15003
15006
15067
15120
15279
15465
15485
15497
15511
15541
15579
15598
15616
15649
15668
15809
15822
15864
15886
15900
15945
16036
16062
16071
16104
16161
16165
16169
16187
16204
16282
16296
16297
16312
16334
16418
16427
16431
16466
16532
16536
16552
16649
16664
16668
16701
16728
16729
16741
16804
16828
16839
16843
16855
16866
16875
16951
16958
17009
17032
17096
17129
17155
17168
17209
17221
17235
17242
17250
17250
17251
17272
17284
17294
17297
17310
17333
17352
17377
17432
17437
17466
17468
17482
17502
17582
17649
17653
17671
17688
17710
17720
17753
17793
17836
17844
17905
17992
18128
18131
18134
18168
18169
18170
18227
18234
18255
18277
18279
18314
18333
18343
18366
18379
18423
18433
18467
18502
18591
18620
18643
18647
18707
18772
18796
18801
18863
18876
18879
18880
18918
18934
18985
18996
19004
19054
19067
19083
19086
19109
19173
19240
19273
19277
19302
19324
19328
19336
19418
19433
19480
19509
19550
19599
19608
19609
19626
19641
19709
19714
19774
19777
19822
19833
19908
19917
20030
20041
20043
20097
20156
20164
20183
20220
20231
20327
20378
20453
20460
20473
20480
20567
20609
20651
20718
20855
20867
20883
20898
20908
20919
20922
20936
20995
21006
21056
21063
21078
21084
21153
21185
21248
21253
21254
21266
21306
21333
21343
21358
21394
21465
21521
21549
21562
21566
21663
21667
21714
21803
21837
21845
21856
21944
21969
21974
21980
22002
22048
22075
22183
22196
22208
22262
22268
22292
22301
22347
22416
22422
22445
22458
22469
22501
22515
22528
22576
22602
22623
22663
22675
22689
22712
22720
22748
22789
22850
22877
22945
23011
23022
23073
23131
23177
23304
23363
23363
23376
23426
23492
23536
23561
23634
23676
23685
23688
23707
23737
23750
23764
23781
23803
23838
23868
23870
23896
23955
23965
23994
24190
24203
24204
24338
24341
24365
24371
24466
24470
24517
24532
24540
24540
24556
24603
24634
24648
24651
24679
24715
24728
24734
24804
24837
25007
25151
25181
25232
25240
25286
25301
25367
25405
25417
25454
25468
25492
25585
25593
25602
25605
25642
25672
25692
25696
25698
25773
25776
25800
25845
25862
25890
25913
25933
25945
25959
25966
25978
25979
25983
26037
26053
26056
26065
26129
26150
26153
26277
26341
26376
26447
26464
26476
26496
26553
26591
26610
26675
26685
26701
26754
26780
26805
26815
26838
26849
26872
26872
26911
26916
26921
26926
26970
26989
26992
27028
27060
27066
27131
27148
27160
27181
27190
27229
27275
27285
27379
27379
27388
27472
27474
27479
27488
27517
27546
27551
27581
27590
27592
27625
27626
27633
27665
27691
27693
27693
27755
27760
27762
27772
27816
27832
27854
27893
27916
27934
27961
27979
28003
28006
28024
28051
28086
28095
28106
28209
28219
28233
28283
28292
28396
28414
28418
28435
28611
28613
28630
28665
28681
28770
28771
28771
28812
28847
28872
28901
28912
29031
29062
29064
29119
29173
29185
29238
29243
29287
29322
29334
29363
29387
29417
29433
29476
29489
29508
29518
29558
29565
29613
29658
29661
29669
29674
29698
29705
29708
29738
29752
29754
29767
29785
29788
29790
29794
29847
29906
29911
29920
30099
30099
30134
30171
30246
30295
30305
30323
30335
30372
30388
30390
30406
30441
30464
30482
30488
30494
30515
30534
30565
30567
30569
30591
30603
30617
30623
30624
30786
30804
30843
30859
30985
30990
31014
31017
31033
31040
31055
31092
31179
31224
31230
31258
31269
31293
31321
31328
31364
31405
31429
31457
31488
31505
31527
31532
31552
31630
31631
31637
31652
31699
31767
31778
31814
31839
31879
31897
31906
31911
31915
31917
31928
32008
32044
32051
32071
32088
32146
32161
32181
32193
32260
32296
32352
32390
32397
32432
32433
32440
32552
32586
32655
32662
32688
32690
32744
32765
32787
32809
32824
32858
32875
32900
32919
32933
32961
32994
32997
33025
33044
33045
33122
33140
33150
33206
33208
33222
33254
33264
33276
33296
33340
33359
33376
33465
33473
33515
33602
33614
33669
33830
33837
33843
33867
33885
33929
33948
34046
34069
34080
34135
34141
34168
34179
34187
34216
34221
34248
34271
34272
34274
34274
34292
34382
34399
34402
34410
34415
34416
34522
34692
34695
34715
34716
34724
34730
34766
34782
34809
34809
34903
34916
34926
34987
35007
35035
35070
35072
35121
35127
35174
35219
35277
35292
35312
35337
35358
35500
35611
35665
35681
35701
35705
35723
35734
35735
35754
35825
35890
35897
35930
35973
35974
36012
36082
36122
36137
36178
36281
36314
36327
36356
36374
36391
36412
36455
36456
36463
36544
36546
36679
36691
36715
36722
36787
36927
36951
36975
36995
37093
37112
37119
37239
37245
37283
37348
37357
37366
37367
37394
37446
37539
37580
37651
37715
37759
37769
37780
37942
37978
37989
38009
38052
38077
38097
38110
38137
38162
38162
38191
38206
38210
38257
38283
38316
38322
38329
38349
38408
38457
38542
38555
38583
38652
38664
38673
38705
38720
38742
38776
38873
38936
38941
38951
39011
39033
39051
39102
39149
39151
39155
39159
39210
39237
39262
39263
39321
39324
39382
39406
39429
39440
39487
39496
39508
39538
39555
39592
39630
39698
39717
39728
39767
39777
39829
39843
39867
39879
39906
39941
39970
40017
40034
40082
40131
40142
40166
40218
40314
40316
40339
40346
40349
40396
40411
40413
40416
40445
40466
40482
40576
40581
40596
40597
40645
40679
40695
40710
40726
40726
40737
40753
40788
40798
40820
40876
40924
40928
40942
40952
40952
41048
41129
41176
41179
41179
41181
41324
41360
41366
41381
41384
41387
41435
41466
41610
41616
41721
41786
41817
41839
41839
41842
41856
41924
41944
41987
42027
42101
42117
42117
42121
42129
42173
42207
42209
42228
42233
42260
42311
42375
42438
42462
42490
42547
42620
42669
42677
42682
42688
42698
42731
42741
42869
42899
42912
42946
42947
42948
42983
43007
43015
43017
43043
43066
43086
43139
43257
43301
43320
43364
43443
43494
43580
43592
43592
43601
43609
43672
43744
43757
43816
43844
43866
43870
43872
43877
43898
43907
43970
43994
44010
44024
44052
44058
44074
44210
44216
44265
44303
44349
44367
44374
44454
44518
44552
44619
44643
44661
44712
44804
44804
44861
44863
44900
45046
45060
45067
45123
45132
45155
45159
45199
45261
45262
45294
45337
45475
45504
45507
45519
45555
45596
45618
45651
45672
45680
45803
45805
45902
45916
45947
45985
45998
46032
46082
46087
46088
46110
46166
46193
46226
46241
46260
46290
46300
46314
46386
46392
46410
46441
46514
46528
46567
46568
46569
46615
46633
46658
46720
46722
46744
46752
46811
46851
46859
46885
47027
47027
47055
47087
47129
47198
47274
47318
47322
47346
47360
47371
47516
47528
47547
47551
47600
47602
47616
47692
47696
47776
47872
47937
47938
47940
47968
48049
48052
48148
48162
48163
48173
48261
48311
48335
48349
48378
48415
48498
48525
48537
48589
48649
48678
48705
48778
48875
48893
48967
48972
49065
49068
49114
49148
49226
49236
49247
49252
49334
49338
49343
49392
49403
49413
49487
49497
49507
49520
49574
49583
49614
49629
49652
49663
49720
49730
49759
49777
49789
49792
49848
49873
49897
50033
50096
50104
50124
50140
50163
50177
50198
50208
50235
50239
50246
50304
50370
50474
50506
50539
50573
50625
50667
50825
50833
50844
50884
50909
50911
50922
50942
50992
51024
51057
51060
51095
51101
51253
51282
51314
51330
51352
51507
51519
51599
51606
51616
51637
51650
51669
51700
51773
51788
51810
51813
51894
51978
51984
52030
52063
52076
52096
52115
52143
52178
52188
52228
52238
52251
52287
52430
52535
52540
52541
52629
52702
52759
52780
52793
52821
52823
52834
52944
52950
52954
52960
52971
52973
53021
53021
53025
53051
53052
53082
53082
53149
53154
53168
53195
53204
53206
53220
53247
53256
53274
53315
53332
53361
53415
53474
53477
53485
53513
53534
53611
53647
53708
53725
53744
53747
53772
53791
53812
53888
53891
53947
53960
53975
54049
54069
54142
54166
54186
54200
54230
54276
54277
54426
54427
54595
54611
54674
54705
54711
54754
54765
54774
54816
54826
54856
54857
54876
54907
54932
54939
54971
55021
55030
55053
55064
55072
55078
55098
55139
55146
55172
55173
55176
55204
55207
55286
55290
55303
55305
55309
55333
55358
55388
55413
55528
55540
55589
55597
55649
55717
55876
55893
55956
55981
55983
55991
56057
56073
56084
56147
56181
56195
56219
56277
56292
56299
56311
56364
56459
56463
56482
56544
56582
56591
56644
56708
56804
56806
56875
56964
57015
57069
57079
57081
57093
57113
57128
57139
57144
57168
57191
57191
57198
57216
57252
57254
57276
57289
57344
57351
57479
57497
57530
57650
57662
57735
57876
57905
57931
57973
57974
58034
58082
58106
58114
58143
58173
58194
58211
58214
58239
58296
58377
58378
58381
58441
58445
58458
58514
58566
58568
58576
58617
58626
58635
58650
58689
58692
58694
58759
58772
58795
58895
58920
58926
58928
58947
58971
58996
59024
59044
59099
59118
59135
59161
59182
59219
59232
59295
59301
59306
59311
59347
59348
59363
59565
59570
59614
59619
59629
59632
59641
59648
59701
59726
59806
59840
59862
59875
59897
59898
59900
59944
59966
60047
60089
60104
60106
60112
60113
60127
60134
60149
60258
60262
60268
60354
60356
60374
60401
60411
60423
60427
60476
60494
60507
60518
60550
60568
60576
60582
60601
60618
60627
60638
60647
60670
60681
60702
60736
60739
60744
60765
60795
60798
60842
60865
60873
60905
60907
61007
61030
61033
61051
61073
61095
61164
61229
61274
61274
61276
61305
61359
61406
61424
61495
61532
61554
61565
61604
61623
61643
61657
61674
61721
61781
61805
61862
61891
61916
61970
61981
62032
62056
62111
62124
62149
62164
62210
62233
62240
62273
62294
62299
62304
62307
62313
62316
62316
62386
62430
62431
62460
62474
62602
62616
62646
62723
62754
62978
63023
63087
63091
63180
63249
63261
63289
63358
63443
63508
63513
63527
63558
63572
63578
63604
63631
63648
63701
63706
63714
63737
63745
63762
63789
63800
63816
63861
63869
63894
63899
63921
63940
63950
64015
64079
64090
64126
64196
64226
64289
64362
64371
64389
64410
64411
64482
64496
64514
64567
64593
64624
64641
64649
64667
64684
64758
64761
64774
64857
64884
64908
64938
64976
65010
65126
65127
65151
65157
65177
65231
65238
65254
65269
65291
65353
65392
65415
65416
65425
65438
65465
65500
65527
65591
65603
65658
65660
65672
65704
65715
65725
65775
65794
65805
65896
65931
65970
65978
65979
65984
65986
66012
66013
66048
66051
66052
66081
66156
66168
66193
66341
66343
66359
66380
66405
66433
66451
66478
66504
66537
66605
66608
66620
66637
66682
66731
66757
66782
66789
66807
66882
66903
66906
66930
66936
66976
67006
67039
67045
67164
67202
67215
67268
67359
67384
67408
67439
67447
67480
67482
67510
67530
67545
67571
67617
67678
67689
67693
67723
67727
67743
67779
67827
67865
67865
67867
67888
67910
67936
67940
67946
67974
67999
68025
68045
68071
68074
68075
68167
68181
68182
68192
68210
68224
68234
68336
68358
68359
68363
68407
68491
68553
68564
68573
68597
68617
68619
68668
68740
68741
68741
68777
68778
68790
68851
68865
68889
68889
68946
68948
68987
68990
68998
69011
69014
69015
69082
69085
69086
69097
69102
69102
69121
69122
69141
69171
69223
69233
69295
69311
69336
69485
69532
69565
69608
69654
69690
69704
69775
69776
69852
69878
69886
69895
69901
69936
69954
69966
70034
70116
70117
70134
70136
70163
70184
70200
70267
70286
70308
70341
70347
70391
70410
70421
70424
70455
70456
70492
70499
70531
70533
70543
70587
70635
70656
70702
70745
70766
70826
70840
70853
70860
70875
70889
70910
70987
71004
71009
71012
71034
71061
71103
71106
71108
71266
71298
71317
71332
71333
71346
71381
71409
71441
71459
71474
71512
71528
71541
71547
71557
71621
71662
71670
71696
71706
71737
71776
71792
71801
71807
71809
71810
71815
71815
71816
71857
71920
71949
71974
71978
72015
72118
72153
72153
72169
72188
72213
72223
72229
72250
72258
72260
72265
72289
72296
72311
72312
72348
72364
72386
72489
72507
72511
72530
72598
72633
72646
72687
72714
72756
72760
72767
72770
72780
72796
72801
72841
72855
72890
72904
72941
72971
72976
72977
73040
73045
73075
73111
73155
73172
73174
73234
73253
73377
73561
73564
73571
73600
73636
73653
73693
73694
73703
73741
73917
73934
73966
73975
73982
73992
74011
74028
74053
74061
74091
74152
74153
74156
74170
74247
74275
74298
74301
74324
74362
74382
74464
74481
74485
74509
74532
74558
74558
74559
74613
74652
74664
74775
74795
74818
74830
74832
74867
74886
74928
74941
74971
74995
75006
75006
75029
75059
75077
75092
75102
75129
75215
75233
75259
75262
75263
75264
75327
75353
75373
75418
75434
75451
75455
75525
75572
75580
75607
75821
75821
75832
75838
75867
75890
75934
75942
76023
76042
76089
76125
76126
76127
76150
76158
76239
76255
76364
76388
76390
76395
76430
76475
76576
76628
76641
76657
76664
76757
76781
76832
76837
76855
76881
76897
76950
77020
77098
77103
77162
77166
77177
77209
77211
77224
77230
77244
77276
77336
77336
77409
77431
77435
77463
77507
77519
77530
77645
77647
77656
77668
77707
77711
77854
77925
77976
78005
78091
78146
78157
78195
78320
78322
78325
78325
78350
78363
78440
78444
78460
78487
78531
78548
78602
78628
78632
78635
78700
78739
78788
78814
78850
78881
78902
78911
78949
78981
79036
79054
79066
79079
79095
79131
79139
79187
79201
79208
79244
79408
79410
79444
79452
79459
79483
79508
79524
79526
79562
79587
79602
79624
79626
79653
79656
79665
79689
79777
79792
79799
79850
79904
79922
79948
79997
80100
80226
80254
80264
80272
80280
80298
80302
80311
80382
80403
80423
80427
80469
80496
80513
80529
80566
80584
80653
80665
80726
80738
80903
80907
80976
80994
80997
81067
81068
81162
81164
81203
81207
81269
81291
81297
81329
81342
81370
81376
81421
81431
81470
81526
81536
81606
81648
81652
81703
81737
81773
81796
81852
81860
81877
81921
81950
82015
82106
82111
82112
82150
82185
82224
82231
82240
82265
82270
82342
82351
82392
82489
82504
82505
82537
82569
82581
82595
82599
82614
82729
82742
82771
82773
82781
82841
82845
82856
82948
83000
83009
83090
83229
83281
83306
83368
83403
83424
83450
83624
83651
83663
83668
83676
83707
83717
83811
83873
83904
83914
83914
83937
83951
83982
84017
84027
84062
84077
84163
84163
84199
84202
84223
84229
84250
84282
84340
84361
84384
84413
84438
84520
84539
84541
84542
84589
84700
84719
84723
84724
84770
84793
84911
84917
84919
84961
84963
84986
85094
85118
85197
85216
85264
85272
85289
85305
85311
85364
85370
85372
85399
85525
85574
85665
85694
85710
85755
85757
85759
85762
85783
85794
85862
85917
85948
85963
86023
86080
86097
86115
86117
86132
86154
86155
86164
86168
86170
86179
86180
86216
86288
86306
86310
86336
86366
86368
86373
86429
86591
86699
86728
86777
86844
86847
86883
86936
86946
86954
86961
87079
87097
87116
87119
87121
87134
87157
87195
87203
87213
87248
87292
87328
87335
87404
87406
87434
87434
87477
87534
87537
87547
87548
87550
87611
87612
87649
87658
87702
87736
87767
87853
87921
87935
87975
88083
88093
88179
88194
88196
88263
88264
88344
88359
88384
88425
88451
88506
88507
88547
88559
88576
88585
88589
88655
88656
88686
88730
88730
88749
88760
88786
88854
88911
88927
88934
89013
89028
89049
89056
89066
89084
89095
89107
89143
89162
89198
89211
89249
89292
89375
89381
89422
89457
89480
89516
89543
89547
89575
89600
89606
89617
89617
89638
89662
89684
89684
89686
89694
89728
89875
89880
89895
89903
89952
89991
90030
90031
90068
90142
90158
90196
90206
90348
90381
90386
90388
90424
90435
90485
90502
90527
90536
90556
90560
90564
90595
90607
90647
90682
90702
90727
90741
90742
90755
90768
90815
90920
90954
90959
91068
91071
91083
91112
91125
91164
91202
91203
91246
91340
91375
91385
91389
91427
91435
91439
91449
91456
91459
91466
91497
91508
91549
91594
91697
91766
91794
91832
91853
91863
91943
91989
92048
92137
92171
92172
92185
92210
92276
92277
92299
92303
92353
92386
92434
92444
92444
92450
92455
92458
92474
92483
92529
92612
92660
92665
92669
92710
92766
92774
92844
92852
92862
92927
92932
92950
92990
93032
93084
93094
93115
93129
93154
93163
93230
93240
93281
93302
93384
93392
93407
93529
93537
93605
93645
93649
93695
93726
93728
93777
93870
93917
93936
93956
94023
94029
94064
94080
94090
94104
94129
94167
94221
94234
94292
94336
94361
94395
94429
94440
94521
94631
94642
94666
94722
94724
94754
94845
94858
94905
94917
95012
95013
95023
95044
95059
95172
95183
95183
95235
95266
95290
95293
95369
95409
95418
95465
95474
95538
95563
95582
95603
95646
95652
95659
95727
95762
95784
95792
95803
95819
95857
95901
95911
95922
95984
96021
96069
96138
96166
96181
96212
96220
96228
96234
96279
96281
96298
96325
96373
96443
96488
96555
96598
96602
96605
96645
96699
96722
96722
96761
96767
96771
96777
96841
96898
96902
96910
96921
96929
96940
96969
96972
97212
97217
97218
97225
97249
97260
97297
97306
97370
97387
97428
97459
97459
97495
97566
97592
97640
97640
97689
97703
97725
97763
97834
97907
97921
97967
97992
98008
98009
98036
98059
98083
98100
98117
98158
98177
98181
98199
98204
98207
98228
98234
98300
98331
98354
98356
98363
98405
98440
98464
98469
98510
98520
98546
98549
98579
98587
98627
98633
98635
98636
98669
98717
98792
98847
98858
98887
98947
98976
99024
99031
99065
99068
99093
99102
99111
99185
99185
99242
99244
99247
99248
99256
99271
99314
99323
99373
99538
99539
99545
99564
99588
99611
99647
99719
99734
99761
99774
99793
99886
99898
99905
99919
100027
100056
100114
100122
100172
100202
100296
100312
100339
100358
100382
100399
100444
100468
100615
100615
100633
100670
100717
100739
100741
100776
100795
100823
100852
100855
100857
100888
100974
101058
101097
101113
101134
101172
101182
101198
101215
101218
101298
101306
101445
101641
101693
101700
101706
101706
101717
101739
101752
101759
101856
101882
101943
101963
101986
102004
102007
102038
102038
102131
102150
102190
102193
102205
102247
102265
102291
102293
102356
102378
102449
102515
102535
102538
102567
102571
102598
102648
102721
102757
102761
102766
102825
102836
102857
102902
102905
102909
103000
103005
103086
103087
103099
103135
103141
103196
103282
103287
103313
103343
103373
103384
103388
103409
103415
103429
103442
103488
103567
103755
103763
103781
103783
103864
103869
103881
103899
103905
103915
103930
103974
104044
104084
104098
104104
104111
104113
104126
104126
104126
104135
104264
104272
104286
104330
104351
104357
104407
104452
104467
104491
104496
104555
104600
104609
104648
104725
104738
104792
104826
104945
104968
105008
105009
105038
105152
105189
105208
105210
105225
105233
105238
105244
105331
105343
105354
105354
105380
105471
105521
105572
105586
105595
105652
105681
105731
105744
105785
105802
105845
105863
105880
105888
105898
105906
105916
105954
105988
106001
106014
106082
106110
106207
106245
106305
106349
106364
106436
106453
106472
106520
106548
106558
106567
106584
106661
106697
106721
106802
106815
106875
106930
106987
107006
107028
107081
107089
107091
107094
107124
107144
107170
107195
107278
107290
107398
107418
107427
107432
107435
107438
107443
107445
107450
107510
107548
107605
107617
107660
107697
107701
107735
107737
107737
107738
107774
107804
107844
107855
107859
107863
107885
107888
107894
107925
107947
107983
107987
108057
108058
108059
108071
108101
108129
108201
108207
108244
108268
108303
108338
108374
108398
108493
108531
108631
108666
108693
108724
108764
108814
108872
108898
108906
108953
108963
108973
108998
109042
109062
109064
109098
109121
109164
109243
109253
109270
109283
109418
109419
109439
109452
109463
109515
109541
109574
109591
109610
109632
109664
109723
109782
109785
109789
109801
109839
109915
109967
109983
109986
109992
110022
110023
110044
110060
110091
110113
110120
110157
110233
110355
110357
110374
110380
110396
110483
110487
110490
110515
110522
110566
110572
110621
110643
110647
110654
110704
110723
110764
110785
110840
110879
110927
110961
110977
111038
111046
111132
111135
111212
111245
111291
111296
111300
111402
111440
111444
111507
111515
111613
111627
111689
111712
111822
111835
111881
111914
111945
111954
111974
112097
112137
112151
112185
112241
112264
112283
112294
112428
112430
112509
112521
112522
112567
112628
112731
112900
112900
112934
112947
112979
112989
113010
113014
113029
113093
113123
113205
113206
113226
113279
113298
113303
113327
113344
113362
113393
113427
113454
113464
113491
113498
113507
113580
113581
113616
113634
113686
113690
113708
113796
113797
113818
113841
113926
113930
113949
113958
114032
114035
114105
114138
114151
114156
114171
114219
114224
114248
114263
114279
114280
114329
114331
114354
114358
114369
114408
114417
114428
114457
114467
114469
114520
114608
114639
114672
114713
114716
114735
114761
114885
114926
114948
114994
115005
115007
115035
115038
115149
115197
115206
115212
115220
115254
115287
115377
115446
115470
115496
115542
115567
115570
115735
115756
115792
115807
115870
115876
115943
115948
115951
115965
115987
116149
116178
116184
116187
116191
116219
116263
116268
116272
116303
116365
116383
116476
116529
116563
116591
116594
116596
116608
116622
116661
116694
116722
116738
116763
116764
116765
116801
116809
116812
116819
116829
116851
116862
116867
116910
116925
116991
117043
117046
117076
117095
117121
117197
117351
117366
117422
117445
117495
117535
117585
117586
117622
117691
117738
117766
117774
117790
117801
117825
117842
117850
117879
117897
117938
117985
117989
117995
118019
118042
118045
118082
118084
118104
118131
118133
118177
118192
118278
118436
118470
118589
118617
118633
118657
118657
118667
118676
118715
118743
118744
118746
118756
118765
118773
118792
118808
118829
118871
118896
118953
118993
119035
119113
119121
119192
119218
119220
119264
119314
119323
119332
119368
119390
119440
119484
119492
119525
119537
119628
119641
119661
119678
119683
119702
119737
119760
119775
119801
119802
119807
119825
119829
119869
119905
119917
119974
120017
120047
120070
120100
120112
120123
120126
120131
120144
120149
120156
120168
120204
120218
120233
120250
120274
120307
120328
120340
120342
120345
120392
120398
120408
120419
120498
120528
120551
120564
120605
120698
120716
120757
120806
120808
120867
120936
120993
121064
121072
121082
121119
121129
121134
121156
121163
121185
121190
121316
121336
121367
121427
121427
121452
121473
121489
121493
121494
121514
121534
121542
121648
121707
121783
121799
121889
121892
121911
121974
121986
122022
122057
122111
122203
122267
122341
122457
122529
122584
122585
122586
122615
122621
122635
122677
122702
122722
122747
122772
122776
122793
122802
122831
122831
122877
122880
122896
122936
122981
122999
123000
123006
123018
123019
123038
123090
123093
123162
123175
123194
123202
123297
123343
123357
123382
123428
123477
123501
123523
123548
123557
123563
123639
123677
123690
123698
123706
123743
123749
123769
123936
123954
123970
123970
123972
123997
124021
124082
124101
124115
124163
124166
124175
124204
124222
124276
124293
124376
124397
124456
124468
124473
124547
124576
124621
124646
124743
124766
124809
124815
124859
124875
124924
124932
125019
125058
125065
125187
125197
125255
125353
125363
125431
125485
125495
125498
125515
125535
125544
125560
125564
125608
125651
125661
125682
125690
125731
125773
125780
125898
125939
125973
125983
125991
125996
126109
126125
126155
126234
126257
126270
126286
126353
126357
126373
126382
126413
126423
126487
126506
126520
126547
126629
126644
126674
126731
126751
126761
126780
126845
126862
126872
126880
126908
126922
126933
127052
127084
127086
127128
127193
127305
127307
127315
127334
127342
127364
127372
127375
127411
127425
127427
127467
127530
127550
127566
127575
127577
127603
127632
127674
127687
127800
127801
127850
127855
127867
127894
127954
127960
127964
128002
128033
128084
128106
128108
128133
128142
128177
128195
128215
128225
128272
128303
128344
128363
128401
128416
128442
128470
128474
128476
128517
128540
128559
128598
128606
128665
128673
128677
128740
128855
128882
128934
129007
129019
129047
129113
129125
129136
129145
129156
129184
129214
129248
129316
129320
129431
129441
129453
129505
129521
129555
129566
129594
129697
129729
129761
129768
129789
129803
129811
129888
129889
129948
130005
130019
130093
130141
130163
130315
130333
130368
130402
130409
130426
130434
130465
130473
130513
130526
130534
130603
130605
130605
130617
130622
130637
130659
130721
130726
130765
130771
130829
130861
130892
130928
130945
130954
130971
131112
131122
131128
131191
131255
131285
131297
131314
131327
131336
131370
131382
131389
131406
131488
131553
131616
131629
131642
131771
131792
131796
131807
131878
131896
131921
132038
132128
132133
132136
132198
132213
132229
132234
132265
132292
132292
132318
132323
132379
132399
132419
132463
132467
132477
132491
132504
132513
132553
132555
132639
132646
132696
132699
132713
132727
132758
132761
132833
132859
132904
132923
132935
132966
132992
133011
133045
133065
133114
133123
133136
133155
133369
133396
133401
133474
133483
133490
133570
133571
133608
133615
133615
133631
133633
133640
133643
133740
133761
133789
133831
133840
133866
133882
133887
133895
133915
133929
133952
134011
134014
134057
134090
134092
134128
134192
134204
134256
134307
134327
134332
134400
134460
134488
134567
134576
134619
134620
134732
134755
134775
134861
134892
134909
134940
134947
134974
135012
135058
135092
135129
135145
135166
135200
135209
135239
135373
135385
135405
135408
135423
135432
135445
135464
135490
135494
135559
135572
135605
135675
135764
135786
135841
135854
135859
135859
135874
135898
135947
135971
135988
135996
136014
136041
136098
136116
136141
136149
136183
136238
136245
136246
136253
136256
136257
136265
136367
136431
136531
136575
136665
136711
136759
136759
136789
136845
136887
136891
136932
136973
137016
137076
137101
137108
137153
137205
137232
137239
137266
137306
137324
137384
137413
137477
137500
137519
137544
137547
137567
137634
137649
137696
137800
137815
137832
137856
137858
137861
137892
137932
137939
137961
138028
138068
138086
138110
138113
138129
138137
138155
138253
138257
138307
138320
138342
138363
138393
138398
138558
138561
138565
138578
138639
138655
138693
138777
138833
138849
138862
138866
138957
139013
139039
139093
139095
139133
139147
139222
139316
139319
139320
139321
139329
139332
139390
139416
139517
139603
139617
139670
139672
139693
139705
139706
139716
139722
139833
139847
139865
139898
139934
139940
139983
140015
140035
140041
140153
140183
140185
140226
140278
140288
140317
140323
140435
140439
140445
140567
140675
140703
140745
140792
140804
140834
140883
140890
140895
140900
140976
141098
141137
141145
141198
141255
141276
141317
141339
141401
141415
141455
141462
141469
141485
141496
141497
141506
141517
141533
141544
141601
141609
141652
141653
141692
141774
141817
141846
141873
141910
141917
141945
141945
141955
141972
141986
142002
142006
142028
142074
142197
142243
142257
142258
142271
142279
142326
142327
142350
142372
142439
142495
142570
142626
142633
142644
142682
142684
142706
142728
142788
142821
142843
142865
142878
142972
143020
143026
143050
143088
143158
143242
143245
143272
143315
143324
143379
143389
143418
143441
143450
143458
143497
143516
143526
143547
143553
143584
143652
143710
143753
143784
143796
143825
143860
143866
143887
143889
143923
143988
143990
144042
144063
144102
144129
144140
144144
144179
144195
144202
144245
144255
144314
144414
144422
144424
144470
144472
144567
144596
144624
144636
144690
144695
144696
144698
144709
144789
144795
144798
144809
144845
144869
144892
145029
145031
145060
145117
145131
145179
145220
145221
145240
145273
145276
145309
145315
145347
145391
145391
145414
145460
145492
145494
145536
145537
145626
145644
145663
145706
145857
145869
145897
145900
145918
145946
146084
146088
146108
146225
146227
146278
146290
146303
146334
146362
146368
146418
146459
146498
146498
146544
146549
146563
146637
146655
146738
146738
146811
146822
146823
146862
146872
146976
146982
146992
147037
147135
147153
147154
147215
147257
147288
147330
147340
147374
147380
147403
147432
147455
147455
147482
147563
147573
147592
147595
147652
147695
147712
147716
147721
147763
147802
147811
147823
147829
147834
147884
147900
147959
147966
147980
147993
148072
148218
148234
148284
148333
148449
148491
148501
148515
148527
148539
148549
148557
148569
148624
148658
148669
148670
148706
148732
148840
148892
148920
148927
148973
148976
149022
149049
149056
149062
149063
149078
149084
149101
149118
149127
149146
149159
149164
149173
149287
149301
149307
149378
149498
149535
149558
149587
149630
149634
149702
149738
149787
149824
149887
149910
149917
149921
149926
150048
150052
150085
150119
150134
150162
150187
150224
150224
150228
150250
150307
150344
150349
150401
150435
150444
150450
150480
150647
150660
150762
150830
150850
150869
150872
150886
150921
150938
150949
150960
150962
150994
151047
151048
151048
151115
151126
151161
151164
151241
151290
151322
151347
151359
151425
151445
151454
151524
151537
151542
151546
151553
151690
151704
151707
151763
151788
151818
151857
151879
151885
151918
151931
151933
151984
152009
152066
152105
152118
152151
152166
152172
152221
152270
152288
152299
152345
152391
152415
152420
152420
152421
152451
152585
152589
152635
152659
152679
152714
152714
152726
152741
152755
152761
152786
152796
152820
152824
152878
152937
152961
152990
153015
153057
153074
153080
153106
153167
153193
153216
153226
153231
153333
153401
153438
153486
153502
153537
153563
153573
153591
153664
153693
153701
153729
153770
153814
153831
153905
153911
154003
154009
154029
154031
154033
154040
154065
154086
154094
154116
154147
154152
154220
154247
154256
154276
154459
154476
154487
154490
154564
154668
154712
154730
154814
154817
154854
154863
154868
154901
154972
154979
154980
155016
155061
155073
155080
155097
155101
155153
155171
155202
155246
155320
155327
155344
155378
155389
155421
155432
155433
155446
155449
155487
155513
155524
155556
155578
155593
155601
155618
155626
155660
155713
155762
155806
155839
155857
155882
155889
155892
155929
155952
155977
156030
156125
156158
156169
156169
156177
156190
156199
156214
156251
156284
156288
156341
156346
156388
156417
156444
156476
156482
156491
156516
156525
156542
156558
156647
156686
156735
156736
156836
156859
156865
156865
156886
156953
156953
156971
157004
157006
157023
157023
157029
157034
157056
157076
157134
157143
157152
157166
157186
157250
157253
157291
157292
157329
157372
157378
157406
157423
157447
157468
157471
157482
157515
157566
157576
157604
157612
157615
157622
157640
157673
157727
157729
157740
157746
157768
157783
157854
157855
157907
157933
157963
157970
158007
158024
158052
158081
158115
158119
158222
158278
158321
158353
158383
158417
158435
158447
158463
158465
158491
158512
158530
158554
158589
158679
158741
158827
158855
158859
158863
158877
158956
158956
158973
158993
159063
159151
159158
159176
159223
159254
159300
159375
159377
159382
159400
159424
159490
159503
159530
159561
159642
159707
159721
159739
159742
159771
159782
159793
159813
159836
159937
159938
159992
160018
160020
160037
160117
160125
160135
160165
160168
160184
160216
160316
160320
160501
160501
160521
160521
160522
160527
160597
160611
160627
160629
160641
160656
160684
160751
160774
160788
160794
160851
160855
160885
160937
160967
161003
161021
161062
161093
161145
161195
161228
161233
161274
161279
161361
161376
161386
161423
161439
161460
161500
161530
161547
161550
161555
161557
161606
161612
161634
161742
161781
161786
161792
161834
161836
161854
161927
161935
161949
161977
161983
162088
162126
162139
162201
162210
162244
162248
162248
162249
162308
162364
162444
162447
162474
162506
162581
162583
162609
162687
162709
162741
162764
162782
162824
162883
162899
162912
162918
162954
162967
162994
163005
163012
163071
163079
163082
163180
163214
163223
163242
163242
163255
163327
163344
163362
163397
163414
163415
163445
163532
163574
163583
163606
163622
163641
163657
163661
163677
163697
163709
163717
163728
163733
163824
163839
163856
163857
163862
163983
164027
164060
164087
164094
164095
164099
164127
164133
164152
164214
164240
164251
164270
164271
164339
164356
164363
164461
164471
164578
164589
164594
164660
164709
164723
164743
164743
164783
164792
164808
164852
164917
164926
164950
164962
164982
164988
164997
164999
165011
165042
165049
165055
165147
165158
165213
165231
165237
165251
165357
165429
165507
165512
165525
165540
165617
165646
165658
165677
165681
165683
165777
165828
165844
165872
165879
165885
165899
165925
166036
166086
166088
166095
166151
166175
166188
166198
166209
166240
166269
166270
166271
166300
166314
166368
166417
166447
166460
166463
166477
166504
166505
166524
166528
166539
166552
166557
166660
166771
166783
166792
166859
166859
166860
166866
166902
166903
167012
167022
167094
167116
167149
167161
167228
167264
167318
167346
167456
167483
167562
167597
167608
167614
167624
167642
167701
167705
167751
167774
167794
167867
167871
167959
167988
167992
168001
168005
168047
168051
168067
168080
168097
168104
168114
168122
168140
168186
168196
168248
168282
168291
168342
168352
168389
168402
168406
168408
168529
168550
168605
168623
168628
168658
168702
168770
168804
168807
168851
168884
168985
169031
169034
169068
169105
169135
169145
169222
169232
169246
169252
169270
169301
169308
169312
169428
169436
169481
169522
169577
169585
169599
169612
169683
169715
169725
169792
169891
169909
169928
169950
169982
170002
170037
170070
170080
170102
170106
170127
170135
170151
170160
170162
170203
170250
170278
170288
170312
170424
170433
170450
170451
170595
170642
170684
170708
170721
170735
170737
170753
170762
170773
170788
170795
170861
170880
170906
170910
170922
170936
170942
170954
170977
171027
171045
171060
171147
171212
171306
171310
171322
171343
171354
171362
171418
171448
171496
171518
171546
171550
171565
171628
171721
171730
171734
171773
171813
171816
171820
171834
171841
171848
171906
171914
172003
172004
172026
172053
172077
172155
172179
172188
172224
172269
172283
172330
172331
172333
172334
172389
172395
172441
172454
172487
172490
172511
172518
172551
172553
172573
172621
172634
172641
172692
172713
172752
172786
172844
172889
172900
172928
172962
173020
173043
173135
173144
173156
173159
173165
173169
173173
173194
173212
173283
173342
173343
173355
173438
173489
173491
173497
173582
173583
173680
173733
173737
173741
173782
173792
173802
173809
173831
173848
173853
173908
173918
173964
173969
174020
174042
174063
174102
174115
174132
174193
174213
174226
174246
174264
174264
174279
174322
174350
174368
174376
174386
174388
174477
174533
174564
174576
174577
174608
174635
174679
174688
174696
174735
174751
174755
174778
174813
174847
174855
174895
174904
174928
174944
174953
174966
174987
175045
175051
175060
175078
175099
175117
175121
175150
175185
175200
175240
175306
175386
175405
175456
175458
175466
175504
175546
175562
175563
175584
175599
175612
175619
175627
175629
175646
175682
175692
175719
175726
175767
175849
175948
175955
175972
176012
176014
176022
176036
176044
176059
176096
176106
176192
176256
176275
176282
176311
176313
176315
176421
176426
176439
176548
176574
176625
176645
176654
176661
176692
176696
176743
176798
176813
176818
176824
176824
176833
176835
176839
176854
176941
176970
177065
177096
177106
177106
177187
177249
177272
177292
177314
177334
177334
177342
177347
177352
177402
177411
177458
177466
177483
177491
177510
177531
177559
177606
177655
177662
177704
177756
177808
177893
177898
177909
177913
177952
177962
177963
178001
178009
178030
178049
178071
178079
178081
178135
178180
178261
178274
178279
178322
178342
178423
178443
178580
178599
178604
178628
178637
178665
178670
178702
178742
178792
178809
178829
178842
178894
178908
178923
178963
178986
179058
179087
179266
179274
179307
179317
179332
179469
179470
179477
179487
179508
179554
179589
179616
179621
179665
179709
179733
179753
179761
179777
179792
179812
179835
179887
180002
180003
180034
180064
180068
180092
180159
180177
180179
180207
180265
180269
180278
180281
180308
180317
180438
180441
180456
180458
180510
180526
180548
180646
180694
180728
180735
180758
180793
180817
180819
180888
180914
180969
181040
181063
181071
181174
181178
181204
181234
181263
181265
181266
181287
181314
181314
181376
181391
181397
181421
181439
181456
181525
181539
181550
181574
181601
181664
181674
181680
181690
181743
181757
181769
181814
181873
181873
181885
181997
182024
182043
182179
182203
182218
182226
182229
182259
182269
182301
182324
182429
182439
182499
182631
182640
182666
182702
182741
182765
182813
182822
182840
182843
182852
182919
182946
183016
183089
183090
183109
183116
183154
183191
183199
183211
183232
183242
183368
183403
183405
183411
183416
183454
183454
183464
183534
183614
183650
183680
183893
183898
183913
183922
183944
183947
183980
183999
184087
184090
184112
184140
184174
184261
184322
184331
184403
184432
184439
184471
184478
184496
184505
184523
184543
184544
184612
184616
184639
184640
184644
184707
184708
184713
184718
184737
184765
184770
184795
184828
184828
184859
184903
184914
184914
184946
184975
185060
185090
185095
185096
185166
185186
185190
185198
185208
185208
185213
185271
185306
185314
185316
185369
185424
185497
185521
185522
185523
185540
185548
185588
185594
185644
185662
185666
185691
185704
185726
185746
185753
185766
185837
185843
185979
185982
185992
186014
186032
186052
186081
186141
186172
186186
186188
186190
186287
186297
186298
186355
186367
186394
186416
186437
186519
186536
186589
186599
186650
186665
186749
186794
186883
186919
186957
186966
186968
186993
186996
187084
187085
187098
187182
187200
187220
187240
187283
187349
187438
187467
187546
187552
187553
187574
187584
187591
187592
187599
187649
187722
187739
187757
187765
187803
187806
187810
187817
187837
187839
187915
187919
187984
188024
188066
188095
188098
188123
188128
188140
188201
188209
188233
188262
188262
188279
188315
188386
188447
188448
188469
188492
188498
188547
188548
188641
188652
188685
188829
188844
188884
188936
188991
189000
189034
189076
189081
189160
189162
189179
189202
189206
189249
189250
189258
189263
189309
189311
189317
189320
189330
189339
189340
189359
189386
189440
189466
189480
189496
189499
189512
189566
189570
189601
189609
189629
189658
189662
189698
189733
189772
189778
189810
189815
189817
189851
189906
189919
189926
189945
190044
190075
190117
190156
190194
190194
190219
190270
190276
190292
190444
190467
190560
190583
190617
190639
190694
190698
190710
190733
190748
190760
190762
190848
190883
190909
190947
191025
191063
191075
191092
191102
191116
191133
191146
191240
191273
191278
191293
191297
191347
191364
191390
191391
191399
191414
191417
191506
191509
191513
191530
191575
191624
191630
191635
191648
191660
191673
191678
191687
191738
191809
191819
191823
191887
191898
191918
191930
191959
192018
192054
192122
192124
192142
192164
192175
192190
192198
192222
192228
192237
192239
192299
192467
192478
192512
192534
192535
192538
192570
192575
192588
192617
192620
192626
192693
192765
192783
192811
192828
192828
192892
192913
192944
192948
192990
193088
193126
193151
193202
193226
193299
193328
193343
193356
193363
193423
193425
193456
193460
193489
193510
193574
193729
193752
193773
193857
193870
193941
193953
193954
193981
193984
194050
194064
194071
194153
194188
194192
194211
194221
194234
194251
194260
194275
194293
194304
194327
194334
194343
194367
194392
194470
194558
194568
194600
194706
194742
194745
194774
194792
194847
194851
194867
194927
194957
194992
195024
195036
195123
195173
195255
195266
195267
195277
195284
195310
195331
195389
195396
195441
195447
195463
195496
195525
195538
195609
195617
195622
195626
195628
195640
195724
195794
195828
195848
195860
195861
195866
195874
195876
195876
195896
195900
195918
195935
195941
195944
195947
195962
195965
195967
196062
196104
196157
196175
196179
196190
196214
196292
196328
196381
196395
196431
196431
196457
196507
196518
196535
196570
196577
196614
196639
196687
196693
196700
196713
196726
196729
196745
196753
196785
196884
196977
197007
197034
197036
197049
197124
197129
197154
197159
197244
197296
197315
197374
197375
197394
197459
197471
197516
197521
197564
197619
197662
197789
197799
197818
197832
197883
197883
197938
197986
197987
198163
198178
198193
198203
198266
198315
198331
198332
198336
198341
198385
198406
198443
198446
198463
198489
198542
198545
198576
198640
198673
198705
198710
198749
198756
198757
198777
198778
198788
198799
198803
198858
198888
198902
198919
198927
198935
198997
199115
199137
199177
199181
199218
199220
199256
199257
199268
199377
199405
199419
199450
199455
199482
199502
199503
199591
199628
199651
199653
199664
199670
199693
199711
199718
199732
199746
199771
199799
199845
199851
199897
199905
199911
199913
199923
199929
199949
199968
199976
199990
199995
200040
200056
200079
200107
200111
200161
200164
200198
200220
200238
200239
200240
200269
200273
200304
200315
200418
200465
200497
200523
200538
200543
200563
200609
200611
200617
200641
200659
200724
200748
200827
200872
201055
201155
201160
201193
201194
201223
201252
201261
201281
201294
201297
201363
201376
201403
201429
201446
201448
201471
201518
201535
201545
201579
201611
201624
201668
201675
201693
201719
201827
201861
201870
201889
201911
201933
201942
202037
202041
202086
202093
202140
202170
202192
202220
202261
202307
202320
202324
202327
202328
202352
202391
202406
202448
202513
202579
202600
202621
202630
202643
202666
202683
202699
202703
202813
202821
202926
202968
202991
203019
203035
203066
203079
203090
203107
203127
203186
203192
203222
203239
203240
203260
203329
203331
203363
203381
203386
203397
203448
203459
203485
203491
203508
203516
203517
203533
203557
203558
203603
203615
203622
203636
203664
203664
203714
203765
203766
203766
203886
204194
204241
204243
204243
204247
204257
204270
204306
204340
204352
204375
204384
204389
204389
204389
204395
204431
204445
204448
204473
204490
204550
204568
204616
204623
204629
204631
204737
204738
204800
204914
204964
204994
205004
205011
205011
205061
205078
205106
205119
205144
205148
205202
205247
205254
205296
205301
205332
205363
205375
205393
205446
205510
205533
205547
205554
205560
205571
205580
205582
205650
205661
205714
205746
205760
205824
205849
205916
205924
205931
205974
205999
206034
206164
206169
206180
206190
206276
206303
206325
206346
206393
206411
206424
206483
206489
206512
206550
206597
206609
206648
206731
206742
206780
206788
206802
206829
206839
206914
206937
207005
207036
207075
207143
207143
207169
207192
207210
207235
207261
207262
207267
207287
207290
207314
207407
207408
207439
207456
207459
207500
207530
207538
207549
207555
207568
207590
207601
207619
207623
207634
207682
207725
207732
207738
207748
207767
207789
207791
207970
208176
208249
208373
208449
208453
208559
208566
208582
208586
208597
208623
208691
208695
208756
208763
208771
208786
208835
208847
208885
208897
208921
208923
208943
208946
208949
208958
208985
209008
209059
209097
209109
209114
209122
209206
209209
209217
209229
209243
209271
209288
209321
209331
209468
209479
209488
209534
209580
209585
209594
209603
209726
209735
209749
209756
209804
209843
209873
209884
209899
209950
210004
210012
210041
210081
210095
210101
210115
210120
210126
210146
210154
210168
210186
210212
210284
210293
210307
210338
210381
210384
210408
210416
210473
210542
210543
210573
210606
210613
210631
210653
210655
210697
210730
210747
210813
210958
210977
210987
211060
211061
211069
211146
211153
211178
211181
211193
211262
211301
211319
211338
211357
211360
211378
211379
211388
211397
211459
211472
211504
211574
211580
211620
211626
211651
211654
211677
211751
211751
211775
211792
211818
211826
211853
211900
211935
211948
211953
211974
212059
212149
212167
212192
212268
212279
212298
212308
212326
212373
212464
212473
212556
212606
212633
212652
212657
212692
212741
212751
212799
212914
212915
212975
213023
213041
213065
213075
213096
213126
213153
213153
213164
213198
213245
213385
213388
213401
213427
213437
213531
213551
213600
213628
213652
213675
213702
213756
213804
213811
213853
213891
213903
213912
213962
213972
214002
214032
214035
214038
214042
214064
214074
214221
214236
214269
214288
214296
214320
214357
214451
214455
214491
214504
214587
214591
214620
214707
214711
214716
214747
214754
214803
214827
214844
214890
214934
214944
214979
215033
215066
215080
215114
215118
215124
215137
215144
215145
215178
215224
215263
215286
215301
215366
215368
215523
215530
215613
215626
215654
215655
215672
215687
215696
215749
215755
215759
215764
215773
215785
215832
215833
215857
215870
215943
215983
215993
216043
216059
216065
216071
216086
216094
216095
216111
216147
216160
216199
216292
216322
216326
216349
216350
216383
216416
216433
216437
216453
216477
216548
216554
216567
216575
216591
216602
216622
216625
216654
216676
216702
216702
216708
216854
216862
216870
216873
216916
216945
216973
216986
216991
217060
217088
217109
217126
217140
217157
217212
217242
217259
217269
217289
217294
217368
217378
217399
217404
217426
217452
217473
217479
217489
217528
217545
217594
217610
217622
217644
217673
217690
217769
217775
217793
217805
217810
217855
217864
217871
217894
217899
217944
217960
218043
218046
218051
218101
218103
218108
218209
218266
218298
218336
218363
218379
218394
218412
218442
218449
218458
218470
218487
218507
218516
218543
218649
218683
218720
218740
218772
218785
218850
218851
218854
218871
219040
219095
219105
219110
219118
219118
219123
219138
219146
219292
219338
219446
219450
219468
219488
219509
219533
219552
219625
219632
219644
219645
219655
219661
219664
219692
219713
219725
219772
219806
219812
219948
219997
220037
220119
220122
220190
220198
220221
220238
220256
220434
220479
220523
220617
220636
220656
220662
220681
220706
220719
220727
220739
220741
220744
220778
220794
220798
220798
220852
220880
220936
221030
221040
221067
221188
221229
221249
221258
221301
221328
221388
221391
221413
221414
221421
221446
221465
221488
221511
221521
221537
221575
221611
221641
221647
221686
221731
221759
221777
221795
221814
221825
221848
221864
221908
221938
222033
222073
222076
222077
222087
222149
222159
222233
222254
222271
222278
222306
222321
222339
222351
222356
222435
222438
222490
222506
222525
222571
222580
222627
222692
222799
222843
222847
222874
222892
222911
222911
222942
222968
223009
223161
223184
223227
223239
223261
223460
223471
223566
223580
223600
223604
223616
223627
223694
223762
223788
223790
223794
223885
223900
223912
223923
223955
223981
224000
224001
224005
224013
224029
224069
224097
224097
224115
224163
224342
224354
224374
224384
224399
224407
224463
224495
224517
224518
224572
224591
224623
224648
224687
224726
224749
224758
224800
224872
224907
224913
224953
225005
225054
225061
225168
225231
225243
225249
225275
225297
225361
225363
225368
225369
225385
225387
225464
225501
225510
225594
225598
225599
225616
225652
225654
225661
225679
225681
225711
225724
225829
225833
225898
225907
225999
226004
226009
226083
226100
226118
226136
226175
226180
226185
226245
226264
226331
226358
226443
226489
226551
226649
226651
226714
226739
226774
226812
226822
226830
226890
226946
226990
227040
227046
227048
227064
227068
227093
227096
227163
227165
227165
227184
227188
227202
227216
227279
227304
227357
227429
227473
227475
227503
227563
227579
227594
227613
227619
227663
227668
227733
227740
227830
227845
227851
227852
227954
228044
228092
228096
228112
228125
228152
228232
228254
228266
228290
228291
228335
228338
228355
228355
228357
228357
228370
228379
228397
228428
228430
228454
228463
228493
228494
228532
228546
228555
228577
228601
228634
228660
228710
228763
228910
228917
228987
229001
229014
229022
229026
229032
229100
229117
229122
229140
229175
229193
229264
229319
229330
229360
229472
229557
229599
229657
229659
229712
229777
229818
229828
229886
229925
229949
229952
229979
230045
230052
230081
230120
230178
230189
230288
230292
230311
230326
230346
230376
230378
230384
230424
230444
230451
230458
230559
230623
230727
230734
230781
230802
230856
230875
230877
230881
230951
231030
231065
231075
231092
231112
231124
231153
231184
231194
231219
231232
231279
231290
231298
231348
231402
231440
231446
231503
231511
231516
231553
231574
231601
231611
231612
231613
231618
231619
231684
231744
231830
231834
231840
231857
231860
231923
231950
231992
232045
232060
232095
232130
232132
232154
232164
232195
232242
232244
232257
232263
232267
232277
232279
232313
232315
232373
232380
232406
232415
232421
232426
232500
232544
232545
232566
232673
232681
232718
232724
232733
232849
232860
232902
232907
232924
232929
232929
232977
233059
233065
233162
233169
233190
233202
233206
233211
233227
233256
233258
233264
233267
233308
233335
233342
233386
233399
233437
233467
233478
233482
233592
233601
233617
233643
233650
233672
233719
233775
234169
234227
234272
234276
234292
234320
234345
234424
234465
234466
234468
234478
234487
234506
234607
234623
234634
234646
234696
234712
234714
234716
234719
234740
234741
234743
234759
234764
234798
234878
234880
234997
235011
235031
235042
235088
235093
235137
235146
235151
235166
235241
235244
235244
235263
235311
235414
235462
235501
235504
235526
235655
235684
235706
235712
235749
235825
235880
235893
235933
235960
235986
235995
236003
236021
236045
236046
236053
236069
236074
236093
236121
236159
236172
236173
236186
236202
236227
236236
236271
236296
236326
236330
236331
236335
236350
236395
236434
236438
236535
236549
236572
236588
236659
236741
236855
236857
236889
236931
236934
236945
237010
237013
237027
237094
237100
237141
237163
237218
237226
237236
237302
237320
237352
237385
237479
237546
237619
237645
237768
237777
237789
237809
237829
237829
237863
237869
237953
237971
237977
238046
238061
238104
238127
238171
238207
238213
238260
238276
238364
238414
238416
238424
238426
238431
238467
238485
238497
238552
238603
238618
238648
238705
238749
238787
238795
238824
238842
238842
238856
238874
238898
238915
238974
238984
238997
239033
239040
239103
239167
239229
239258
239280
239295
239310
239375
239378
239396
239406
239413
239443
239451
239580
239628
239686
239721
239740
239745
239758
239774
239779
239779
239800
239832
239907
239940
239946
239948
240035
240079
240195
240219
240256
240302
240361
240377
240408
240436
240447
240456
240456
240464
240490
240528
240529
240571
240604
240622
240624
240631
240694
240715
240726
240784
240883
240931
240983
240997
241017
241042
241083
241132
241135
241156
241211
241237
241241
241264
241284
241288
241323
241367
241428
241497
241513
241516
241518
241584
241624
241638
241642
241697
241716
241740
241745
241798
241841
241868
241920
241986
242018
242070
242088
242094
242108
242143
242263
242531
242535
242658
242686
242711
242722
242780
242787
242827
242851
242866
242873
242874
242896
242940
242975
243096
243105
243147
243168
243189
243207
243218
243246
243303
243351
243372
243374
243393
243438
243455
243468
243472
243533
243537
243544
243559
243582
243588
243601
243650
243706
243735
243858
243870
243872
243948
243948
243985
243990
244026
244055
244079
244172
244206
244278
244290
244314
244315
244400
244412
244428
244456
244535
244601
244653
244660
244669
244683
244685
244702
244707
244728
244738
244757
244767
244792
244808
244854
244872
244890
244893
244917
244934
244938
244950
245015
245042
245051
245070
245078
245118
245169
245174
245241
245301
245336
245375
245445
245455
245514
245534
245578
245586
245591
245597
245612
245627
245628
245631
245640
245668
245690
245694
245724
245750
245771
245785
245821
245857
245873
246031
246034
246045
246073
246088
246121
246122
246152
246172
246196
246232
246277
246366
246385
246390
246402
246444
246455
246491
246504
246541
246562
246567
246629
246674
246679
246707
246718
246735
246772
246842
246872
246976
247016
247040
247100
247177
247227
247301
247308
247347
247360
247371
247378
247394
247408
247437
247460
247473
247535
247571
247630
247646
247663
247665
247701
247718
247740
247815
247825
247837
247881
247895
247902
247918
247937
248001
248034
248117
248149
248169
248173
248201
248288
248335
248342
248357
248380
248468
248501
248542
248550
248579
248582
248659
248672
248677
248692
248696
248780
248812
248847
248893
248986
249018
249053
249061
249083
249105
249122
249138
249163
249167
249241
249249
249296
249312
249318
249342
249378
249433
249439
249454
249537
249591
249600
249609
249643
249665
249669
249675
249677
249757
249791
249816
249823
249878
249879
249993
250014
250032
250035
250063
250074
250105
250145
250176
250211
250335
250350
250405
250416
250436
250536
250628
250651
250684
250711
250732
250743
250755
250785
250804
250831
250932
250990
251034
251103
251125
251151
251204
251210
251257
251272
251288
251289
251304
251308
251313
251317
251340
251345
251365
251369
251380
251380
251463
251477
251497
251512
251547
251614
251688
251710
251749
251789
251816
251840
251843
251846
251846
251895
251924
251994
252072
252080
252117
252134
252144
252194
252196
252199
252200
252221
252278
252286
252393
252413
252418
252428
252468
252512
252532
252543
252549
252565
252572
252603
252613
252614
252655
252691
252731
252813
252825
252849
252900
252909
252913
252923
252980
252998
253043
253075
253076
253079
253104
253115
253125
253222
253225
253236
253252
253253
253277
253333
253346
253379
253444
253498
253525
253562
253567
253624
253680
253682
253729
253755
253808
253859
253876
253893
253927
253939
254078
254085
254107
254133
254140
254199
254205
254212
254223
254246
254344
254427
254460
254463
254538
254540
254556
254597
254666
254705
254712
254763
254796
254839
254842
254855
254888
254888
254942
254977
255064
255138
255180
255234
255238
255263
255266
255290
255293
255308
255342
255416
255446
255527
255572
255677
255677
255683
255694
255715
255746
255795
255831
255833
255897
255941
255951
255970
255995
256009
256049
256051
256091
256140
256152
256181
256207
256230
256276
256278
256293
256309
256330
256405
256411
256430
256437
256439
256445
256481
256482
256487
256529
256531
256621
256709
256724
256785
256799
256815
256892
256911
257011
257044
257063
257073
257097
257140
257174
257243
257286
257291
257314
257343
257365
257377
257379
257412
257443
257466
257482
257486
257490
257500
257534
257547
257648
257715
257755
257793
257831
257849
257861
257869
257900
257927
257940
257975
258045
258119
258134
258187
258189
258192
258203
258208
258217
258224
258241
258280
258280
258307
258350
258477
258486
258531
258596
258684
258748
258821
258837
258838
258865
258877
258881
258921
258954
258957
258992
259045
259056
259069
259075
259160
259181
259221
259258
259292
259305
259383
259387
259395
259466
259473
259477
259504
259506
259508
259522
259600
259606
259622
259648
259673
259699
259753
259761
259771
259791
259809
259846
259852
259915
259996
259999
260075
260097
260137
260171
260238
260262
260292
260305
260382
260402
260413
260470
260489
260499
260520
260556
260575
260576
260576
260590
260592
260604
260640
260649
260656
260665
260674
260687
260701
260734
260806
260877
260879
260886
260914
261034
261082
261094
261137
261162
261202
261391
261413
261419
261440
261460
261487
261524
261535
261548
261569
261691
261706
261778
261796
261808
261830
261848
261859
261861
261901
261943
261996
262064
262086
262144
262149
262151
262173
262190
262205
262236
262286
262319
262340
262341
262348
262361
262376
262419
262422
262433
262503
262583
262635
262651
262669
262673
262692
262706
262738
262746
262824
262863
262876
262903
262906
262911
262973
262993
263004
263011
263014
263074
263088
263144
263157
263169
263177
263195
263227
263251
263288
263343
263365
263394
263403
263615
263617
263620
263623
263631
263717
263721
263728
263756
263770
263847
263875
263894
263898
263913
263935
263950
264015
264025
264096
264109
264182
264215
264309
264383
264411
264426
264473
264480
264668
264687
264690
264710
264713
264717
264777
264824
264835
264847
264873
264883
264937
264993
264995
265039
265047
265060
265112
265130
265154
265185
265197
265202
265228
265232
265330
265331
265348
265371
265371
265372
265445
265457
265511
265512
265518
265575
265648
265713
265725
265728
265736
265796
265802
265836
265887
265887
265899
265944
265949
265993
266005
266027
266067
266098
266099
266112
266134
266216
266232
266235
266244
266285
266328
266338
266352
266359
266398
266412
266435
266459
266469
266492
266495
266524
266587
266607
266610
266610
266628
266646
266660
266714
266716
266746
266775
266778
266830
266901
266955
266982
266997
267129
267159
267189
267219
267225
267257
267259
267263
267275
267278
267285
267291
267294
267323
267325
267330
267359
267380
267401
267403
267426
267448
267479
267490
267524
267535
267597
267630
267639
267692
267718
267764
267810
267833
267883
267888
267904
267933
267977
267978
267991
268006
268027
268046
268064
268065
268103
268208
268216
268218
268222
268227
268228
268283
268303
268317
268331
268470
268473
268487
268513
268525
268576
268577
268584
268594
268624
268651
268700
268742
268757
268773
268776
268781
268797
268809
268816
268869
268877
268889
268903
268922
268995
269021
269107
269115
269116
269311
269314
269410
269453
269456
269523
269533
269554
269582
269690
269693
269729
269732
269759
269775
269816
269877
270042
270042
270043
270051
270075
270082
270102
270113
270139
270162
270171
270195
270218
270225
270415
270630
270711
270725
270759
270771
270772
270857
270860
270867
270882
270900
270907
270939
270955
270988
270995
271019
271108
271132
271140
271157
271169
271174
271185
271222
271232
271254
271320
271322
271336
271352
271362
271427
271469
271533
271536
271568
271618
271628
271662
271718
271746
271762
271773
271800
271810
271813
271918
271926
271948
271997
272016
272138
272139
272150
272171
272178
272193
272216
272264
272313
272420
272445
272445
272464
272537
272576
272618
272619
272649
272659
272676
272689
272729
272775
272787
272804
272960
273000
273001
273046
273060
273079
273119
273151
273160
273172
273360
273476
273481
273490
273506
273512
273520
273525
273529
273591
273614
273631
273649
273665
273677
273690
273723
273726
273789
273807
273816
273874
273915
273930
274028
274070
274082
274087
274088
274098
274159
274160
274176
274227
274230
274236
274301
274319
274398
274440
274498
274516
274520
274572
274574
274595
274648
274675
274682
274687
274699
274706
274738
274780
274795
274815
274849
274909
274928
274964
274999
275035
275153
275156
275188
275212
275272
275281
275361
275414
275430
275479
275497
275543
275546
275562
275595
275620
275659
275684
275773
275782
275787
275810
275886
275930
275939
276045
276075
276082
276131
276135
276322
276339
276367
276382
276391
276409
276435
276453
276463
276507
276512
276540
276599
276605
276632
276635
276724
276745
276798
276799
276817
276834
276874
276898
276921
276989
277019
277038
277042
277063
277071
277096
277179
277186
277186
277209
277225
277227
277253
277330
277336
277374
277403
277481
277522
277533
277550
277573
277586
277616
277661
277667
277691
277710
277728
277732
277782
277816
277817
277932
277981
277992
278088
278109
278157
278239
278249
278259
278274
278281
278287
278331
278348
278362
278375
278381
278408
278412
278434
278477
278526
278620
278621
278669
278687
278687
278690
278716
278726
278822
278829
278935
278949
278989
279091
279143
279214
279246
279248
279260
279317
279331
279339
279346
279455
279483
279510
279519
279592
279602
279682
279708
279714
279741
279802
279803
279812
279876
279877
279881
279920
279924
279924
279938
279945
279947
280014
280037
280089
280131
280171
280193
280204
280229
280264
280307
280317
280408
280534
280550
280551
280587
280599
280607
280622
280634
280714
280735
280740
280778
280804
280921
280935
280953
280962
280973
280992
281004
281028
281070
281079
281099
281177
281180
281201
281285
281290
281404
281499
281520
281522
281535
281599
281620
281642
281672
281734
281737
281744
281772
281784
281784
281875
281890
281913
281940
281974
282010
282029
282054
282062
282121
282125
282126
282128
282129
282141
282143
282167
282241
282278
282309
282310
282337
282391
282391
282411
282417
282417
282419
282449
282480
282483
282491
282529
282556
282571
282587
282598
282733
282757
282843
282884
282891
282895
282932
282935
283021
283025
283063
283151
283194
283224
283234
283297
283344
283368
283460
283476
283499
283514
283571
283656
283691
283718
283747
283813
283846
283867
283904
283935
283942
283988
284098
284105
284169
284303
284308
284346
284364
284434
284489
284521
284559
284560
284563
284564
284575
284595
284612
284682
284708
284732
284755
284774
284786
284789
284829
284836
284846
284861
284866
284873
284894
284910
284944
284959
284964
284966
284973
284996
285037
285054
285088
285166
285166
285183
285203
285232
285246
285252
285335
285346
285481
285489
285542
285545
285576
285581
285656
285731
285732
285779
285803
285916
285937
285943
285953
285974
286050
286076
286081
286083
286097
286197
286294
286311
286320
286326
286341
286344
286346
286432
286450
286454
286520
286522
286545
286558
286572
286604
286605
286646
286660
286680
286681
286691
286708
286756
286764
286808
286826
286918
286918
286931
286936
286950
286978
286989
287000
287015
287028
287045
287091
287289
287293
287321
287333
287341
287371
287426
287485
287631
287639
287657
287671
287676
287738
287747
287893
287913
287923
287965
287969
288018
288076
288122
288145
288198
288205
288308
288322
288324
288347
288351
288374
288378
288458
288459
288479
288480
288539
288551
288556
288603
288614
288662
288679
288693
288695
288748
288820
288881
288882
288945
288950
289028
289031
289038
289048
289076
289092
289119
289122
289125
289142
289164
289227
289264
289282
289301
289361
289361
289364
289429
289441
289472
289474
289490
289590
289598
289607
289633
289636
289638
289664
289722
289738
289799
289838
289864
289880
289886
289886
289888
289910
289946
290003
290016
290035
290048
290076
290079
290096
290111
290195
290237
290316
290362
290414
290434
290454
290467
290474
290494
290494
290584
290665
290718
290719
290732
290781
290845
290847
290903
290924
290945
290957
290970
290972
290978
290992
291026
291031
291048
291108
291185
291213
291215
291242
291257
291274
291278
291283
291302
291320
291364
291371
291393
291399
291418
291423
291451
291464
291476
291544
291553
291560
291573
291615
291641
291660
291697
291785
291794
291800
291824
291858
291900
291907
292040
292053
292069
292072
292135
292164
292217
292254
292275
292306
292335
292411
292476
292494
292555
292569
292572
292619
292639
292678
292733
292792
292792
292822
292824
292863
292924
292990
292995
293010
293020
293037
293068
293093
293126
293193
293222
293223
293255
293287
293312
293319
293333
293334
293368
293374
293487
293497
293572
293588
293620
293650
293718
293755
293826
293840
293845
293849
293878
293881
293897
293939
293952
293972
293978
294027
294072
294104
294128
294179
294194
294271
294279
294357
294420
294495
294595
294601
294625
294652
294694
294697
294778
294842
294857
294887
294891
294893
294918
294939
295014
295042
295056
295070
295112
295184
295202
295214
295217
295245
295298
295310
295370
295402
295420
295464
295497
295523
295614
295652
295665
295666
295667
295681
295698
295751
295752
295753
295773
295801
295809
295912
295977
295984
296017
296033
296081
296106
296119
296149
296161
296349
296375
296375
296464
296466
296479
296580
296607
296629
296648
296707
296779
296783
296794
296833
296891
296936
296944
296968
296974
297041
297103
297141
297170
297180
297205
297305
297335
297341
297342
297380
297398
297456
297466
297491
297501
297512
297620
297629
297646
297663
297671
297806
297833
297860
297878
297916
297939
297947
297972
297975
297982
298017
298017
298061
298157
298177
298183
298221
298255
298300
298320
298348
298368
298368
298369
298376
298385
298407
298416
298425
298448
298450
298483
298488
298543
298648
298652
298652
298702
298743
298748
298766
298815
298816
298828
298848
298902
298945
298965
298981
299007
299028
299096
299106
299152
299230
299237
299248
299292
299305
299343
299367
299387
299419
299457
299467
299478
299494
299499
299509
299545
299559
299601
299613
299638
299641
299646
299669
299727
299799
299835
299850
299879
299929
299969
