244934
22458
135239
232263
145706
16187
155929
241740
284682
242940
204395
255995
16958
99588
132265
281737
243246
21549
198705
124932
85762
239396
46386
217622
126908
264713
163397
4759
142843
144696
98181
77976
42741
74941
285731
195947
123972
108129
262173
21266
267639
157447
43139
60638
264883
179508
245597
258921
185186
11748
111212
86132
40952
210416
189919
276391
100122
73564
288950
166270
187817
171306
71459
258531
201518
63861
76832
291418
259761
223616
82392
154086
195876
220798
219118
276045
195874
206303
134192
213164
21254
121190
184322
289361
241156
131406
14533
172179
115756
72767
87537
248335
289590
205254
131878
107427
281772
12882
176282
68192
145347
9225
245455
298177
64362
214320
187722
190848
187919
253115
3561
269690
251512
45507
65603
12600
58381
117351
27979
155153
276799
18234
166902
257900
212268
68167
285232
260262
90595
98520
191687
128855
172573
89547
226649
177347
213652
90030
197832
285246
237163
115206
27625
42547
280599
30295
199137
137324
283297
123639
256785
25593
152288
267189
282491
211193
267764
228463
249342
22445
123038
73636
137306
158956
126751
213891
268903
174063
34766
233650
185726
105009
50140
203239
38555
132553
110927
68224
114331
263004
152679
12319
109419
95183
251688
267904
256140
281404
69171
51700
14215
32051
218720
192142
82781
135385
178079
30134
39406
243533
75607
187283
286691
88093
243105
132713
91246
232733
203331
25692
78460
67865
56591
241638
135494
263847
202391
13181
84361
188641
49403
293826
180002
62316
141873
76150
6501
233169
240931
134014
16418
215687
87157
171550
20043
136014
237645
225061
183454
241497
105785
265060
255064
20567
1683
47616
79689
195628
79626
21084
208453
254205
9490
155892
168080
272804
142074
72153
181814
113123
251272
56708
150134
213153
125363
137939
286311
286450
191506
120392
34216
96488
18168
215178
117095
254223
247815
150830
678
252393
189698
78548
278477
77
146976
10931
208786
164594
211178
4972
39011
294778
157006
30482
151164
256152
297491
97459
206276
48649
13898
40710
121119
50163
279802
240715
129047
29031
97640
108872
285803
38941
33140
114354
231744
221249
32390
219292
297947
15945
120017
116812
67946
278935
46032
19324
59363
120131
161854
134332
91989
53725
284959
99647
91853
44265
136246
166368
260806
18796
211357
94754
58568
70656
226185
249378
9341
131128
120156
149127
278362
137153
243948
119825
177402
14027
98635
72633
141276
85525
46300
295665
241211
69295
70702
205144
155857
268216
256230
155432
235986
198997
79208
211504
277522
109541
195441
215654
65979
150921
259221
79244
251840
2107
177913
259477
150872
68619
272264
34724
10375
247701
184261
152585
140323
199419
234345
163005
134128
73111
247740
237953
239167
291399
60113
187349
121072
199968
156030
213075
92474
264411
25232
100776
231612
70531
180068
6745
271108
125651
198756
118436
207789
252134
166477
50235
162899
236857
223788
102007
53204
24466
294279
18707
72118
86168
185314
46087
27546
195396
70543
210543
34402
127084
249318
8124
107398
161792
58689
57198
17905
184087
85216
292069
278822
18467
163574
160794
232929
190156
284612
158859
182765
96699
179554
185666
51060
201719
126933
21566
71978
199257
251034
64593
50539
273476
219812
188548
33254
141945
175726
240784
33150
250405
22262
109986
26447
193870
224749
282529
182499
111689
217368
241288
99185
93936
137800
261535
180510
210307
227830
230052
295042
43757
6446
109789
160967
130093
27665
25983
295420
140288
185982
51253
22675
170203
279920
246455
274572
177909
21185
106436
16729
134619
151763
51650
132491
197159
262422
126845
16951
189330
263157
55309
61970
278949
102825
84963
127867
180034
160501
122529
264426
102150
75867
115197
185208
239375
89422
100739
113093
13770
109121
247937
218516
143887
124468
170080
80529
82150
55098
85710
40798
50239
244917
281201
28086
87649
262236
47968
84793
114457
39487
57973
158447
105652
223460
232315
97921
284836
248672
144695
210120
123019
206424
33376
72977
267219
81796
184612
98009
240464
94440
187591
257466
12093
170595
95538
44216
276507
714
34187
281599
153502
250436
5
24679
76388
293068
57216
161361
161274
132198
250628
266607
293939
170
113580
238276
232244
26815
250035
23492
3650
43592
129136
194251
235880
96443
41129
163082
83707
237809
139013
805
61721
62723
11240
63604
213551
192198
62056
252278
87477
938
198463
202513
232132
149307
58239
182631
267380
264690
262341
170162
95012
117897
90142
172269
123202
271019
47547
31897
225501
92277
44712
165049
230781
39155
56964
30494
206802
16875
83914
31224
229828
106661
247308
165925
280408
189160
123194
247371
117691
75129
65392
82185
199664
92844
64567
171773
266610
94631
30246
139517
292824
208756
20609
157378
165525
210542
45672
221575
282449
274176
236172
19054
165885
282054
253079
194706
71920
121473
133929
229979
51314
226890
226331
84438
189570
51894
118133
175504
120233
270042
215759
246196
291423
257547
24540
21980
102193
143547
124166
143389
99539
114408
42682
23737
9548
260413
39102
38673
123743
140153
166417
121064
151322
265445
252913
12016
99271
251103
172334
292217
32071
297972
108814
69011
176813
257243
116596
123090
125608
64226
66380
34221
281672
135445
270772
273816
9242
161093
19480
166175
230081
245631
6188
21521
110785
150119
293037
260305
89066
156971
179317
84229
169312
197516
169222
7747
65269
259673
38162
125682
58214
159937
2152
80226
48163
204738
6823
65658
186287
30534
260171
214064
194304
11246
22748
219446
277227
119801
87548
30171
135947
294918
176421
94234
164723
243650
131314
173438
236931
267597
28770
204384
87736
20898
155202
227503
24837
13285
188386
52793
178071
201870
178274
35292
136932
53513
232426
222073
142372
69901
60905
174279
186957
157907
111954
286989
209534
267718
216477
279519
266328
161983
93649
22075
265648
117879
271322
240883
26916
99793
211751
172752
191738
226264
136845
211319
250990
26701
218108
168001
204800
270900
104135
231348
68987
288662
67689
81370
114994
149078
285183
176854
194867
271628
10185
26921
216708
41944
121707
194071
172634
157622
176743
36715
283988
105152
101641
245070
273490
201155
245375
27472
124809
219105
176
137413
91439
32146
102648
151126
138862
265331
128882
237971
222942
116594
80976
27916
298320
177334
134090
144422
170450
205571
13344
178923
243455
54200
273665
55173
209059
246073
6179
244601
259387
235526
140445
110961
276724
19774
83624
95044
8040
190909
291785
282391
203035
127855
30099
174688
52834
113491
1546
27275
146637
15485
188844
281875
60647
126731
251497
184718
104098
204490
205824
144567
41179
29238
46410
265228
271469
104609
262863
174388
152659
26150
113303
4938
299096
75934
170002
293881
65500
256009
77209
256049
71106
94845
17250
233264
132229
228266
253252
281784
101172
3586
266660
121911
107170
285088
176661
107855
249609
11645
221611
238824
176036
259383
79483
39592
92927
37446
113581
289636
172487
125661
246504
194927
71528
81652
116694
41839
220936
236202
49848
82265
112430
89728
112628
9577
261808
104496
146088
163709
116862
204243
18801
131796
57876
203491
233386
1971
98633
76126
155601
86180
181397
129214
137477
222892
147834
174966
84700
218785
84539
110091
174386
238424
215144
284346
154863
22196
184090
232977
27934
192239
211338
13680
271169
26341
153814
114520
67727
5177
243985
125780
178081
235504
78091
56364
63800
131488
50208
256911
163079
298648
214716
181314
207169
6820
169135
105233
41384
137892
136973
134576
48972
84911
10491
201693
123006
19109
188469
32586
256207
276745
116476
10734
220037
46514
77668
105595
88559
5254
286660
160168
248149
280962
257063
9452
216059
57015
291283
4876
234227
192018
227954
131896
40576
2452
139617
75006
114138
140883
191898
175051
167116
95762
231511
9788
236326
141485
43364
267630
223627
109723
76395
174855
229949
41387
190762
264847
262286
147823
185979
46392
144179
216416
210697
197374
19626
21562
199405
114608
156169
78632
79079
167012
72223
215613
71512
74652
235893
157471
118676
198788
5522
263898
250032
153167
286572
172786
89684
92458
297663
91697
298828
264687
79459
152415
215033
165540
211061
162824
184640
286320
54711
3607
77530
46658
184707
105238
101717
206393
46193
205560
69311
284996
45618
162248
72756
147215
31179
83090
228254
298017
288324
21333
208582
62474
149063
29508
170451
287045
163728
161062
162474
192765
289472
156214
211388
17235
271773
258280
192892
967
245612
146822
73561
16431
277728
292164
274795
190467
282419
287671
152451
189359
140185
211953
146368
191063
33885
96771
49487
232673
244685
39829
156558
23688
173809
187837
203615
151704
100382
7447
103442
131642
8576
103409
52823
71108
10197
222799
16839
293845
27693
41366
198332
119628
170135
272464
194558
215137
185753
48893
111135
162201
157746
95784
253682
92299
248288
138086
228493
71815
130368
267479
158465
44454
201294
27517
194188
163677
272618
180694
23955
293878
162581
183199
157727
250145
197938
94642
19599
217489
216453
263144
50667
190883
282935
139329
52780
138849
169428
244808
27626
228096
149
254078
161949
298748
154276
89249
270860
64196
60106
119829
81203
223794
625
100670
9362
10654
1253
180177
9423
5505
35825
35007
179753
222321
150052
133570
70184
174368
196395
12962
128108
284774
69122
289038
227184
154033
207500
144596
208597
15886
19086
50922
159721
1620
40788
80665
280921
215833
38257
230802
152990
97370
49652
260674
207682
81162
198315
15279
63631
290111
256411
133123
218507
134974
72976
126257
166095
184471
272649
143516
151290
289664
53082
170906
134488
20030
190270
242975
172026
254597
146655
197154
133895
65896
211060
286344
36975
141692
259258
24556
215993
207261
234880
174376
39728
117046
274440
228710
63869
272689
108244
224163
11301
190560
77431
196977
14666
258684
89095
267285
195962
119492
166505
175150
248659
217944
45805
135786
115792
92303
138957
66731
169585
197129
207619
79054
195900
251789
172900
2546
38951
15649
51773
184713
94917
138253
129948
55956
19822
265371
232380
238104
107081
18
11892
215749
266099
43744
205446
63289
189317
290079
26476
186190
63899
103343
179058
132727
46885
173144
238842
121082
259852
98083
267330
296936
22576
52629
275272
79653
47872
237027
251317
118131
85364
231860
76897
76127
267933
299419
38408
156736
274964
60736
145626
139983
27893
270415
178908
223580
71332
63894
72760
287965
226004
216199
177096
271254
21974
4065
238618
28418
216433
78902
258881
99248
273172
51788
284575
118045
109270
156865
207210
3859
260075
128740
255266
120398
107094
253729
229330
179589
291185
143923
11215
113797
128142
75832
23868
142326
228335
31014
13554
154814
114105
203516
178792
140041
133608
93407
5848
172962
257412
102356
53812
25240
4418
39324
213804
299292
61095
30406
267259
294887
38110
285037
159642
124101
189817
183403
99919
230378
152714
63087
102902
86288
114171
8982
51606
2844
144042
144470
70163
65704
278381
110977
246567
246718
203329
60356
288479
87079
151454
154490
176256
189250
98717
298483
299646
266775
290718
227163
245578
261137
131112
196577
286931
266997
194470
49897
29119
122584
173343
281285
202621
71061
225679
35723
59161
236093
143020
66451
705
13389
49789
136041
236053
241697
193773
234424
157566
199450
264824
12883
209109
40928
67045
170312
174350
128401
3688
217775
6721
297341
86366
23561
296648
286978
90386
106207
185540
159377
279246
121892
117738
257314
279876
291451
177491
31532
9078
149378
289125
249791
268222
53021
177898
65591
73045
211935
254140
275153
83306
174246
7291
116819
299638
144624
247630
76239
203127
145221
74298
8198
17242
244206
89543
268700
301
61643
35705
126547
276339
232415
213023
232279
74156
31258
65415
36544
198888
204631
141601
243472
20156
279938
79452
253525
277374
157250
243948
262190
58082
87434
104738
130526
181873
262583
475
196729
233267
109452
13468
162583
142257
76089
180317
72364
98627
95023
176096
293368
45261
119537
292040
86115
192124
287913
275212
30786
280171
293952
288695
289142
288881
164709
118104
5511
185662
177342
174751
90556
150960
120808
97428
28051
64774
39843
268027
273360
238171
214357
54932
174102
68889
19833
275684
136531
155626
165357
181539
234719
71409
136891
166209
71333
41179
130637
289264
16843
189810
169792
7886
265371
254463
92444
49226
271320
114329
31839
187220
124576
284966
191102
261861
163983
238497
153216
951
234997
96722
187084
104491
8408
3161
185522
55717
45519
267833
187098
36722
258280
70117
252221
251614
269453
210126
265728
182813
149702
55893
220479
185090
173802
262064
235151
106697
178842
125058
114639
56544
268624
274227
295298
227202
215626
211651
159771
53960
282733
14371
88786
214288
287747
146108
278287
111822
201223
62316
289119
137815
38652
166660
284489
275939
256482
18433
181263
231684
33843
125065
17992
93230
197007
175466
176798
27190
115542
243559
78146
162918
98036
185548
166528
181769
228290
257940
241428
231298
272576
182852
292733
218487
270939
127632
160627
231279
260292
179487
37942
107844
236186
74532
201668
277550
244707
32044
113634
95819
203603
251846
262669
205999
155578
154564
79131
19509
32662
238749
298652
219948
93728
214504
257343
68851
75890
75838
45998
143450
157515
105863
292254
158222
106110
237013
294128
246772
165042
121336
298902
64624
276409
73600
107445
107885
26496
282598
22002
41381
271132
56482
253125
42438
222627
210186
242263
109098
99898
99538
32260
203192
47274
21063
90206
168605
120993
252572
40316
230120
284755
294420
56195
48589
162244
71009
121452
74664
180819
174576
124276
29788
243735
157023
5380
98976
64015
108059
217259
48335
53220
90815
65127
183999
217610
96972
57931
238431
248117
88547
225681
240436
31488
202086
27181
210958
266716
163223
226812
81067
185521
214803
201403
140804
299727
87702
209580
79587
254763
55030
91794
178135
199628
157023
299499
3070
101752
181063
213628
50909
40679
181174
296794
277732
28095
202140
141972
199976
246121
58458
66478
13393
93956
246277
183947
103755
49497
299237
171628
174679
173283
191273
176818
1783
299367
148669
172389
181421
10603
272178
163697
46568
189662
8955
41466
209206
90954
101856
248696
179665
216437
87767
120342
155016
62754
84723
207075
98199
148732
194600
122341
217473
198673
104126
214038
45902
51519
274738
191092
275773
201471
297205
22183
237320
289164
162967
234759
245336
206648
223009
295773
280587
293193
178423
171834
25773
177314
64976
281734
122936
184644
40482
253927
42899
185316
196157
33296
142570
280037
34248
71474
221040
276798
221731
142626
295977
84724
299230
26911
243207
235244
85289
34926
65672
295523
282932
4723
120126
29185
68741
165213
147811
88585
134204
60134
62299
123749
147595
87935
55078
141774
47198
198576
18366
274159
210573
80427
270171
150869
140435
61229
275497
11883
86154
85574
174928
71696
198542
201675
133136
236330
36546
124815
142327
32858
241798
271157
235311
149287
189945
185271
295310
79139
271762
180888
284559
148527
185208
236434
9319
39382
141817
295202
195123
65660
33948
283476
104555
299835
288205
248847
157612
97218
21056
222911
281784
230877
273525
174987
213041
129811
203381
67215
86179
180728
110621
22850
298407
218850
297975
272729
243588
237777
186188
254540
257482
106930
61073
269693
156341
258477
200465
147712
292639
57650
8544
117850
269732
160629
172551
97212
61007
152270
299387
215286
139321
59301
228634
157034
67545
240604
32787
107510
112264
5232
199851
91497
186919
72941
297860
101700
164999
56463
94521
82569
30804
231992
8031
103488
151359
77211
154247
138320
19067
82948
246045
66193
231503
272016
96969
114885
295217
78157
256529
126780
244792
46226
288322
89617
232544
259699
112097
48162
67779
7074
166771
141652
202041
189601
65465
122896
191678
133474
69775
244757
207791
81950
270988
165872
167774
101693
266216
180159
22720
30488
244738
253893
239451
160501
2095
46082
290992
176311
55540
177458
236588
245857
198799
234798
122203
53315
192175
224115
144202
203386
74818
25605
33515
287371
64884
53247
28292
168702
170737
305
161555
53415
252512
82599
202926
141496
101113
58114
87921
74301
233643
215366
241017
15511
290414
151115
63180
39440
22347
278157
286808
267278
208176
37367
180003
36455
37780
199718
176044
168097
37366
268227
275782
173355
174533
82504
49114
106987
30390
61981
124875
46811
112567
182218
6491
296081
220778
271174
167456
168402
89292
138398
126644
143418
168851
42209
231613
171322
221414
194153
186519
182229
293093
10656
217289
102905
40581
43015
173194
16169
171362
268757
258045
89143
114369
76664
167988
250711
115035
176970
162308
154459
149558
92137
66048
187649
130141
126423
194745
128133
95984
254855
176192
186186
210977
228355
99111
133369
66682
135841
55139
128934
41610
187810
119917
45046
165055
58296
74795
235414
62164
118084
171496
260886
229122
129441
128084
81431
196179
118589
166086
115948
3833
128106
135408
260649
32433
140976
91549
178702
165777
225387
145537
219040
141401
220238
14239
124175
206169
205078
225654
126629
164792
8271
151931
211654
270102
81297
248034
13157
228092
3912
7231
251304
46260
280992
189629
53888
231553
160751
260640
75821
253075
104351
166036
1454
99256
127575
9187
18863
42869
89056
226714
73917
205296
66051
158679
252613
298848
96166
261548
17377
114156
180456
100857
276453
218298
84199
160641
96902
175719
199949
284563
39262
177962
264710
257044
150224
123093
254942
17468
268283
218683
47087
239580
251846
197789
107701
123563
284829
52954
19608
44210
139706
133615
194334
34069
173582
62307
209594
112185
211181
125973
113454
237479
226136
142821
93645
144472
8060
192054
107438
54674
19709
230727
174213
118082
108338
274928
137101
276898
143315
273481
148624
283747
34715
216567
28912
245750
3214
9683
250743
239948
103282
130726
3921
227188
75215
53082
295497
100296
189480
122585
143784
59182
219772
82773
234607
163606
198385
236572
159223
140317
123690
199746
69233
290584
63572
127128
253333
207767
295752
939
152105
123557
179761
221908
156516
28812
232373
140439
58759
244315
198489
66620
285943
29173
247227
211974
143379
208921
177187
89880
150450
39033
212915
282129
283656
32933
177756
20327
92669
129566
224384
108764
241642
37348
222506
248542
38
213853
118657
160184
201889
268065
248893
198178
296479
53206
110522
290945
209008
256437
8148
260914
150307
142258
129888
127894
218379
110023
180265
232500
179792
170753
298157
820
151161
109418
30372
251380
18996
18985
59306
229557
244314
287676
265887
89381
250651
5377
273506
229952
181071
208691
95013
6629
297878
182843
31552
13140
42946
6663
91071
36456
142728
12966
151690
132761
220744
219468
107774
214491
243544
161530
137076
108101
284169
232545
270995
121185
129594
274087
107144
188884
67940
224013
169068
275930
107028
167624
58895
238915
255683
165899
204914
9810
80272
72780
104648
291824
43443
258838
127550
273000
122621
89457
258224
60798
89638
131389
32688
119220
191823
215118
105208
38329
161977
284910
196381
82595
75092
232045
148706
102598
204389
272537
150401
182179
174564
215773
130829
84917
175456
138257
150048
251345
169982
214890
62124
109574
74775
210212
248001
26037
240694
27854
202600
189000
8624
152151
64684
262149
5679
66537
107278
192237
75327
193151
283224
88854
244890
253236
44349
57081
44661
78320
16282
157963
200724
76881
24204
77519
289490
228555
155593
234741
137832
72770
16804
267263
36178
278620
96722
52030
151425
249993
235462
191930
71004
200315
82342
154868
299799
31092
106558
290719
53772
210613
116272
286681
173741
103905
132467
21253
159707
185198
199911
216862
43301
7942
188492
277981
207407
276082
277019
68948
104826
86777
252194
108998
178001
247016
145663
238974
267490
236659
43872
39867
177662
112137
255238
265348
222968
44518
162687
216973
93154
173733
258877
77276
28901
264015
204243
6751
145946
266005
61604
3606
286050
11068
87434
245514
63023
65978
221537
100717
55021
78814
278408
243870
103384
240997
295614
272171
6517
234478
277573
21358
192913
153701
54971
140567
105038
57662
66605
36412
273001
137961
226180
108303
298652
79792
10505
66168
134755
18876
44010
94858
110113
28771
34410
90502
291320
86368
179777
253225
67384
33867
160020
98228
214296
201446
262151
90920
233672
299457
119641
220190
17466
164363
90741
135373
211301
270195
285779
172889
274398
207623
148515
231290
228357
195724
124456
275156
245078
191887
77507
57093
156476
206164
26675
232860
7532
123698
227852
189733
59900
76781
200563
296466
261202
154116
115212
191414
79602
96605
187200
165011
27285
232902
209950
170936
68075
197296
143088
115567
52076
25468
174132
202352
259606
196457
8449
265802
263343
267692
40346
106305
178963
185644
39263
194327
281180
48261
5237
147900
93084
32765
20097
253498
278687
18379
109632
292924
234878
18134
294625
10176
20867
120564
85197
29738
232313
145220
132513
205332
6686
57289
218851
130659
80423
157076
178894
99242
138068
214074
173782
225907
263623
279091
241083
91449
16664
238061
61051
164339
195389
178829
153911
29658
174813
101306
121799
295056
68777
132504
263913
161233
120149
118743
166860
268594
189081
11670
291907
13694
235146
101218
205510
83281
52960
128002
157854
194957
83000
221848
278829
176315
99068
100823
163362
26780
130019
111914
250074
249591
75263
42912
218051
203107
222159
115987
1413
41181
238467
277186
64938
273529
294179
278669
2023
102757
204964
45651
266098
100444
210384
155762
85399
5350
266746
141955
57128
292792
4304
132292
278690
134460
64410
147695
121129
275430
290237
270051
99102
155449
18502
176012
64667
152345
259600
226830
123428
168291
283904
19240
225361
81536
274706
140703
169577
74362
155389
198803
175627
262144
239774
164962
29489
69085
27066
204340
58694
277186
201376
227740
257715
157576
127467
200304
249241
82106
157253
82351
109253
186996
109591
177292
210041
2196
53474
83717
200161
178665
146982
276635
67865
97725
274498
80653
90527
159158
90755
49873
184174
243374
266955
4110
134256
173848
55413
58566
183109
232681
127577
265197
239946
292494
12946
195277
152937
185424
282757
151553
41721
58514
76475
251365
149630
208449
149787
23870
31630
35127
240528
221446
199482
216854
209749
43994
266338
35735
107735
56804
187182
56277
208897
270857
8115
246402
100399
255795
149887
98636
10875
209756
294857
8508
256892
160522
24728
50911
53021
238213
162764
295666
181204
53168
287738
51330
5523
243168
298450
283021
184708
143242
210987
154029
11488
40314
98546
253624
9553
97249
267401
164988
114280
219146
11460
293374
293222
155421
207568
208943
30591
105586
144845
118896
153015
112283
40082
61424
231834
294357
68740
126382
22689
269311
201827
149159
172331
162249
115446
168114
190075
195538
75233
180278
31527
128177
224591
29669
59565
205582
120100
70456
238127
252909
294891
79948
7769
5253
185691
84163
228494
108693
204616
4524
78322
80100
148539
39538
79508
183232
297141
70987
260520
43007
174193
198203
270725
3241
216349
23896
46528
12736
228660
144255
137500
18643
4502
110764
66906
60744
76628
21714
29243
196687
37093
44374
28847
110840
40466
167094
38457
2012
63745
83651
290474
156125
216676
271140
61862
244290
290003
80726
155660
126862
96234
70853
97703
168047
138307
47528
207538
104945
289864
224913
6487
280317
12446
192478
105916
229026
146549
256439
43877
251477
31928
255746
155952
7332
293849
275620
271662
44804
92665
118993
14895
183405
216870
243303
149118
170642
1990
6953
267883
49065
77463
4506
154854
19328
255342
215080
257486
279483
111300
165231
3066
140895
244456
116187
122880
11001
265899
120218
55589
23707
290494
19277
227093
32181
74061
299248
272775
49247
51507
126125
126353
163012
79656
243858
240
298766
36951
223885
29794
94722
113818
48498
265330
43844
189386
135058
192575
206411
221465
188991
177466
296891
272139
73253
141469
58143
224005
53052
160037
298221
161021
218363
257140
154668
296968
72015
2541
173969
189466
72311
127315
76855
158554
291544
123018
191918
266112
239779
173489
104792
148557
152786
266778
4603
212692
219533
148920
63950
204473
216111
222847
5239
195967
192535
127364
297180
38322
235933
17836
88576
270882
75102
161786
142439
157291
19302
253043
76158
292072
277330
7073
50033
255941
56459
132699
89375
251380
175955
2827
114279
174895
204306
235263
238648
18343
60865
9292
93777
269523
171914
216086
26805
203260
33359
11578
38283
17032
60268
116178
151918
9566
226443
289282
207267
137544
108666
124547
27229
285252
194992
207738
265512
159836
94064
83676
217673
259915
53791
122831
14999
297041
35930
216702
250105
59614
184432
34916
166240
233059
67359
120698
270218
185704
17753
19273
121494
34987
295751
236069
72971
6586
235995
22501
38316
227068
139693
98356
260879
224463
291364
196745
149926
18131
150228
206839
74247
229360
289738
125431
84589
95792
34695
33044
234506
276605
194211
18647
16165
232195
133740
252731
89211
239628
196518
257377
102004
175629
209884
116268
208946
196884
17793
30388
285481
206780
109992
47937
116365
28665
166460
68889
282411
171027
105343
42027
41842
17251
146498
65126
259508
158589
74011
79904
158435
144245
62294
242874
135605
243372
50992
237768
205760
107660
158383
39496
200238
261706
247918
57276
116661
70286
107124
219095
151984
205119
298425
288347
86844
9676
7855
46441
186968
204257
192626
4832
58445
75264
2554
31917
82489
97260
22048
195284
298369
26591
139222
241920
34271
289638
121493
284434
106815
288748
113796
271926
288693
67439
14146
250176
131285
88655
4843
103869
188498
186394
43970
94666
288145
196431
279877
128470
234714
145309
277403
290016
116867
33208
45504
245445
252980
71801
150224
280534
185190
230045
48173
116191
68359
28414
106364
65931
249677
278375
213065
247301
52178
133155
107983
142788
297335
33465
119484
51352
29417
200641
4882
225249
198406
231618
80280
137634
252691
286341
116925
227563
203714
25800
283813
26685
25933
161612
26376
187438
163856
244535
282895
201055
127052
260665
293588
17582
9632
86023
152741
110483
273614
88730
169950
164589
208923
111974
216591
192570
188547
165507
4706
268922
133011
107947
164783
52251
109664
111507
134892
189202
57497
23781
102721
194221
265944
23011
45985
247040
13124
47938
256330
203448
45596
187757
81606
34382
174042
139603
254246
32809
109164
181234
157768
59897
16104
248201
193954
240571
49343
168104
224000
215785
31040
126520
189512
126109
78350
40726
291048
29334
148976
138693
72312
177352
53154
113362
87248
35665
87611
110643
253444
9207
3754
217140
1365
262738
193226
254712
5879
113427
264480
184914
257831
114948
147993
262348
259395
100795
160521
226739
122586
118773
284786
10639
263894
58692
293978
190748
221229
266469
16741
237385
133114
193857
141609
195463
93281
202666
280973
60681
103086
67974
169308
5014
285581
232267
247473
104452
285166
155433
152299
124163
201193
145897
193423
138110
103141
37978
58576
33602
79187
27772
230189
84541
208847
26153
77336
39149
74928
64079
179307
141137
63701
212298
71949
66504
96645
159561
142633
268577
71662
22623
89600
168985
14053
278281
177704
141415
209468
116149
156288
57974
186665
7530
1407
26553
97459
278687
251749
20378
74275
16855
103099
100974
25845
41987
211379
20453
67617
79410
246976
98008
138578
223912
234696
135432
184140
52973
239745
62032
127687
77224
139095
11212
299669
58617
268889
287923
154817
247437
762
172713
141917
226118
20855
217294
160656
291274
98579
116563
60423
191809
31269
36995
33340
83229
59570
130617
160216
125019
107697
96181
12189
105354
88507
180458
227216
89617
143526
90959
130945
49520
114428
137547
95235
125197
192828
10730
199115
27590
116383
103930
296629
249138
200164
119113
154730
184523
135012
182919
140278
109243
16062
93695
23994
190219
236021
201942
164152
124293
260656
272659
264835
117445
101759
95290
260575
74152
107006
39151
74995
23363
67408
155513
250335
258187
73172
114224
222490
157423
294194
104286
257379
137861
160855
297305
266027
65177
7698
88656
61554
91125
97834
203664
21837
275886
275659
113926
71298
220681
98207
176313
285576
267448
12740
43017
3654
75006
255572
1136
102131
211153
58173
119218
162139
290362
100114
86728
107091
251463
117121
96228
210284
275188
64090
113958
79066
15465
141533
142706
249675
183016
248582
25979
59044
190194
167871
253277
119760
150949
211069
236296
7982
287321
164060
268797
193088
89013
63558
21969
48537
212606
259791
178637
299850
283499
98947
153080
112900
62616
234764
290434
77656
131370
285916
248579
299028
212149
106567
163255
184770
167562
255527
32088
143889
152961
126922
219118
238898
187467
254666
99719
232849
98847
84520
47322
285974
145536
31230
52143
11448
241986
69102
152820
196726
117586
11393
147884
224354
217871
202683
16466
256051
36374
183090
91083
293287
228601
119368
298368
129248
95659
280622
160316
274070
200497
271810
86170
186536
6466
1512
116738
29785
264993
254839
243537
121427
208949
67693
241237
289122
145029
40942
37119
161460
124621
26989
280714
13283
128517
211580
294694
238485
222692
82224
81269
69654
6038
131297
266352
217769
147573
60476
199177
17096
80566
227845
81421
209122
78635
17129
221388
194343
231194
88083
291858
17284
205202
182269
136265
269410
235093
130434
239040
190194
29476
259648
187915
64649
127964
286950
198446
210473
93302
72265
207530
68182
216043
6879
181266
57344
221301
6285
214707
205714
222525
209488
282126
187584
91112
232924
252614
165879
169301
258837
283718
158512
175972
76950
38052
122022
81737
80469
148491
49777
100027
24190
3844
67268
140226
77244
155171
199670
284964
4199
167614
184544
241624
71266
25417
277710
212914
80311
115220
137384
256481
214042
289361
242686
102836
205533
160611
73992
240195
16532
260734
277071
242094
197521
244428
10836
43257
224342
143050
143441
71810
241516
263177
61033
84062
12181
70347
201545
158417
37651
61805
256293
103915
279803
76042
15541
4372
179733
199771
265993
239686
197883
104407
142197
191959
222911
230326
39941
21006
279945
217644
162782
93163
152726
16204
165251
41786
102038
175599
223184
61781
200611
232130
117985
73174
237829
184496
3389
189179
292053
172692
66807
70499
217479
129184
47940
197818
269456
59219
194064
14640
9082
234466
107195
297916
77177
178180
127305
9726
32397
204994
132992
1926
4454
267888
169891
240256
103864
113226
17844
80254
174635
220617
14141
1440
133490
233478
88264
296974
203090
240624
16296
218103
141462
296161
39879
121134
101182
146290
49392
205916
11611
107432
296375
184828
16036
49720
87612
262746
181391
226245
23685
284861
164743
159400
97297
182439
207439
225724
156177
11314
44052
211620
74481
274301
98887
29064
71857
127086
688
297456
224495
201194
256724
176059
124473
220741
209321
223471
129889
55053
203459
195266
51024
274088
196507
55333
192588
30515
230424
113029
171730
34782
267426
183211
132128
94905
264182
148658
148501
197459
168628
219713
221686
30623
25367
171721
170127
297466
172053
58106
13255
181743
156482
164852
214236
102293
108973
17250
270043
298702
179332
48052
83914
176022
52821
1672
299509
234623
39555
268487
57144
38210
161836
4633
135423
134861
170922
155618
14750
51810
245690
84202
252413
161834
204623
71792
98669
217805
158877
163242
58626
208623
154487
162954
202320
54705
118192
86080
205650
4634
55991
26970
210408
82856
13577
135166
47692
64371
238207
251994
230451
147380
199929
264215
168051
191819
213675
9669
177808
291697
161439
264777
260576
298543
297833
50177
164997
87658
210381
274675
171848
148072
113344
90607
224800
166463
117790
109983
62646
286826
209114
192467
286605
114035
72213
217378
281499
101986
181690
86155
132463
67888
272445
249757
35277
284521
94167
143988
268651
244412
134620
103196
184946
199181
144063
280264
275281
198331
237619
127372
110044
296017
254107
67480
121514
79524
55305
60507
120551
89480
46633
102378
266524
215943
30990
298348
24338
11704
17221
236173
155327
254133
183534
131336
176439
166300
176835
1504
197394
211378
116801
22602
246491
256405
186014
195173
24715
262906
18772
20220
202579
189566
58211
105354
21248
107738
262651
136759
243468
104126
280804
167705
203222
216986
64482
262361
138777
296779
46314
266830
217060
180526
226358
218772
9531
91435
266235
222306
110566
12638
116763
237218
252923
55207
216554
278716
89049
135405
259075
193510
199218
210004
219632
20718
154256
55876
116991
163327
88730
230311
175692
64289
130892
211751
213702
240726
119525
124859
102538
32919
17437
218649
20922
236331
193460
103783
220636
202328
219450
168067
178742
152118
92185
120345
204629
5693
92171
96298
44024
170151
148840
242088
202699
281177
279214
101706
245694
271568
65157
90536
104600
224407
164743
267257
292863
182324
247665
262433
72153
219488
238260
220256
28611
268816
266285
114716
37715
263365
26872
194050
152420
228454
70421
159793
288459
296783
104044
60149
193729
258192
223261
159300
141098
137108
163583
116722
112979
65231
255715
143553
280204
74830
150938
255897
225054
68071
194293
151857
249083
295184
163532
194568
187552
134092
36327
137932
112509
87404
94292
245724
16828
246385
284973
29661
209243
206731
85311
6218
153664
75821
89198
132904
139847
92774
160937
237352
42173
68790
143753
123000
184975
215672
88589
169599
232242
13122
295214
228370
170910
108071
245174
81648
250536
29708
144144
132419
194851
265202
14165
147455
249823
264873
72386
199845
202093
274909
173908
293718
213600
268995
238984
127850
82111
271948
138155
107737
213198
146738
18934
112428
1944
197036
261859
18170
92386
6366
246674
164917
261901
292335
261391
168196
181376
258217
71034
237100
117989
152172
252072
75353
6456
102766
197662
273591
153573
64126
25959
231516
236350
164271
202448
69878
1373
299343
207036
11139
118746
289722
28106
65527
249643
29558
260489
290924
294595
252825
229100
214035
207143
171518
90435
246088
42947
218043
262824
43866
274319
256278
177272
244950
117842
238705
25862
119390
6441
56057
145460
227357
252080
223600
136711
271427
133915
47602
245591
156735
119737
207005
24517
172395
119121
40017
275546
19173
184795
99611
5498
266067
281913
265154
72855
21343
151879
77645
235749
270867
257073
60411
25698
124115
204445
196693
102205
13596
204352
135996
176839
213912
78363
150187
187553
86336
81470
2130
289886
172928
189658
220880
127427
174322
34168
120936
13705
129729
251924
195848
188652
139416
177065
55981
148569
295984
60112
288614
16312
210115
45947
135145
289441
206346
16728
29920
258748
125515
39767
23131
267129
253755
69082
220662
110233
85305
46166
192534
36137
146498
99314
202307
60258
289910
210168
120328
277336
84163
17432
8720
67867
295245
159063
290454
48049
65238
267535
54939
130971
245118
162912
117801
206489
152421
34141
70860
88196
255677
224029
139898
244278
221413
238842
60089
240622
80403
112522
159375
193343
46088
251257
40820
52063
115943
151707
35890
177952
176824
157740
282483
213811
18255
145492
49574
268228
213153
8188
44643
99093
284846
145131
208249
158119
81852
112934
247718
185837
240456
53975
176426
70745
98300
176692
66789
141506
69608
204389
265457
154009
70455
173135
42228
203066
4674
91863
193489
165237
241042
58441
171310
10360
45132
191146
109283
268473
71816
109785
151788
141910
198640
89684
17310
198858
273151
150349
245627
68990
145414
42620
239413
141544
130928
92444
153486
257648
295014
236945
205004
236395
239907
261460
100358
159490
62273
146992
95369
95474
206914
206742
72507
209288
146459
147592
193425
233719
122635
158081
221795
277063
242018
183242
94090
208835
13497
262376
82240
10310
135675
139320
137519
276817
269554
987
216622
233482
13139
229032
3116
231402
110022
234634
26056
260382
293497
60618
120307
259181
242070
196214
38776
88425
29322
231619
168623
35035
178030
196570
133633
144809
171060
61359
50884
289028
283942
89895
75580
43043
148927
233601
49730
45337
42233
2710
175099
32690
26129
136238
132133
210101
183980
185213
178049
77707
115735
287969
97225
233308
30985
236855
228910
82581
221488
164660
233162
233775
176106
46241
154712
167959
279924
102449
133866
61305
273874
128474
143026
181525
145494
102571
24371
283571
132292
8204
126234
138833
213245
225363
149049
210813
111038
228112
59875
78325
199732
245241
2879
229117
168122
190617
238426
263227
134732
67447
33614
64908
174226
158741
57351
149022
290316
254212
271533
283063
154065
74559
62430
169481
173792
157329
84340
95803
102535
70826
176574
90348
6792
170773
100633
52238
67743
200198
235166
243189
75572
66930
1847
145179
229175
128673
187574
219338
266435
70341
18314
127375
298945
251308
289880
203508
289598
147135
3819
237236
176696
96767
180438
92529
136141
162126
100172
97495
39210
8836
259846
103373
199995
179274
21306
275787
223161
204550
196753
173491
191025
121367
169909
119661
60765
166783
200418
284708
11675
182024
113010
1335
75059
123477
165828
281004
22877
120340
95293
177510
164214
90424
235241
44863
15579
73653
92990
262503
26065
49583
173964
32824
144869
292135
222580
268331
66936
82771
72687
256445
144140
250350
202630
244400
50474
68741
199653
225829
297806
161634
126357
292555
155097
152420
121974
57079
19714
85862
162248
279260
272216
274574
230856
140015
276540
223762
288351
40166
149101
214979
271222
272193
242658
189249
6638
205375
250785
192783
143458
42260
216575
282062
295681
27581
234487
183650
272676
16297
286454
274815
221067
152391
151347
217793
214620
57113
297646
245668
11040
221188
91456
210631
234743
154972
29363
80298
236045
185497
19908
66052
193356
74558
42698
69223
99564
182741
38936
43898
168550
250755
29752
39717
235042
60427
58971
242873
252813
67571
89991
147802
223790
282029
96841
278109
29847
124376
75029
185523
213756
145273
109839
263950
54049
200617
84384
191133
263615
149173
119314
103974
229472
68045
81921
68181
39321
176014
83668
262911
225661
132639
47129
56292
81291
237977
180092
130605
219644
268576
146278
55176
266901
251289
100888
86954
271336
104330
273631
65353
281520
159938
191417
30624
93392
33837
85757
109064
95409
162447
249122
101058
24203
296375
127334
49759
234716
77647
299494
31457
274098
120716
31699
144129
224572
176833
62978
288603
220656
112294
261419
249018
119440
100855
257849
162741
216322
212652
173020
232421
172224
214591
15809
178628
161195
60601
231440
124924
98354
161386
123970
197564
21845
138565
41856
244079
32744
189906
122831
110357
69966
54426
160135
146225
285545
199268
225385
90560
44552
235137
214455
118953
70134
163414
213385
184903
38873
270113
54069
170942
269582
266982
85665
106875
21667
191530
201297
149062
192620
172283
77162
286076
192990
212167
215983
290096
28006
276989
22945
224001
131792
165429
240377
257869
232060
114761
5750
15668
212373
252468
260687
181314
128598
86961
44074
3100
136759
34274
195267
136887
114219
238856
104113
42731
45555
299152
75373
20908
159424
52188
141945
150480
79777
212799
128215
259069
225368
38077
63706
26277
149498
162444
260556
116910
54277
152761
21153
72229
297512
6713
147652
77098
213401
114151
202170
182822
117366
218394
262876
56311
95652
245586
169683
214451
288539
90564
126506
70267
298255
295912
60576
105471
56806
191240
17155
87853
66757
94104
212473
227733
263617
53891
33122
28233
215696
6617
10274
132323
284560
87134
102515
293020
232164
130333
119192
252200
150762
53332
3836
224097
222571
118667
71974
1389
38664
13348
139093
105880
195896
99323
58947
213096
155977
122877
251125
115470
28613
223923
140183
166539
105380
288122
258865
135490
241323
6626
174264
31911
110515
248342
137696
237869
288551
172511
264096
143272
84017
164099
79408
15616
172004
144795
252418
185843
290903
195626
297380
98405
142002
28681
84077
52096
96021
25286
298816
266628
282010
54876
291108
169105
90647
254460
163839
224518
79095
26754
203886
114713
104725
175386
239103
25642
148284
128225
266714
42117
53708
20480
46569
298965
250211
161742
48415
263403
254888
16866
226009
52759
175682
200079
289946
40142
172518
205106
116851
183368
44367
72489
299601
222278
97217
147829
24470
160320
197471
42311
288679
156836
201535
7620
178261
259466
77711
46290
263935
150162
212633
219806
181550
154152
209603
191673
223955
42207
12676
127342
120867
24540
60582
26849
29674
218543
23803
29613
10330
282241
53361
208586
185746
134400
286936
260592
106453
156444
262340
187592
138639
17333
175121
246679
169725
49236
17720
270759
122802
47346
231923
176625
274699
147455
215301
216702
189339
154476
160527
287289
110647
100741
133640
181456
110490
146084
27060
16427
67510
66782
72796
28003
210747
170721
114358
172641
266134
33222
5500
35701
240361
110487
78739
173680
136098
160165
9256
228152
12161
64411
216160
292476
261830
194742
79850
50096
73703
51057
254796
153537
21856
208771
66903
115570
107859
207459
58928
200273
186052
573
118871
222438
209726
251340
86164
186367
37759
148333
128272
25492
9547
20041
92862
216094
284364
251151
105988
269816
53256
166557
101882
229886
118617
298300
55649
105331
233065
67723
93870
60401
113279
10036
164087
162088
150250
283460
45123
213437
202406
97306
234320
9644
89028
98587
127425
222435
277253
88927
143584
6898
264668
31767
267325
57530
34522
260590
217594
34080
230458
42490
198443
236046
232277
47055
225369
156388
294893
175078
257534
153693
59966
277179
231601
115005
141339
89516
237546
195944
226083
291900
217528
282278
28219
70200
209097
221647
248780
52287
45159
87550
243582
228577
220798
92852
50844
37
72258
219645
74324
71776
268317
70766
133952
124021
63091
123769
198777
296149
91340
69954
36082
167751
289076
83937
276632
233342
33025
277782
68865
50833
12138
7260
120123
180064
54230
286081
206483
117995
34692
206597
296580
241745
144690
259622
87328
231574
54276
264309
199591
218442
8448
105845
69776
213126
261440
19777
265130
243872
158491
99905
43592
52944
54142
78881
227613
69121
38137
127801
179812
13241
129007
219661
79665
206937
26926
113327
176548
61274
208373
261943
282141
143324
242827
263620
124743
83811
297342
238874
139133
263195
205547
228428
6391
284732
296833
172454
186298
170070
169522
287333
27028
152166
45680
11042
232154
138363
53477
275595
212975
183191
49614
53947
61657
221511
128540
172155
160018
201363
203533
192948
174847
134057
34903
13638
7464
98331
281940
85094
54186
250684
33045
233190
32875
110355
218209
161927
184331
96220
10403
224517
31778
205363
263631
122776
65794
259771
128559
284595
114263
247535
16668
273512
260604
113205
147716
231112
194234
221421
157604
181287
27762
27816
176941
95922
168658
121889
186599
264383
56582
204568
1704
19336
240447
106802
283025
68553
38206
239280
198710
20460
206325
126373
216602
102247
98363
219725
99065
8274
189851
95266
194260
147959
243601
278331
242722
135464
139705
10325
44804
74613
271746
162609
242851
207314
157186
77336
167318
267294
95418
74170
153770
152589
252117
291257
89903
170977
68234
80264
197049
147403
107987
92483
299641
277586
15822
222076
246152
268781
3142
188262
64514
272619
140890
69485
167794
237302
9554
123343
163641
118808
110723
155080
23426
7505
150085
70492
49148
111881
171354
183454
121542
283194
59311
155839
99247
104084
205393
228379
90196
274236
34809
224399
253346
27691
14587
227040
250804
189499
231232
39508
94336
289888
176275
291615
167701
198266
279455
142682
163071
225297
211262
256815
130163
273119
5055
138393
68210
72250
71103
147482
282884
70875
263756
94361
87119
230951
202192
225999
253222
25151
60262
127603
6564
225005
36122
86883
153226
56181
229599
224758
55388
169145
287893
171734
98204
93240
151048
133396
279248
191364
184639
236236
35358
103781
8770
69704
196713
262692
277042
289607
130465
92048
289474
258119
31055
279339
56219
198778
290978
261082
296119
168807
199693
10900
65438
216916
169232
40924
151048
256709
144698
214844
18879
231840
228763
32997
41435
158321
75525
211459
40411
72714
123677
270907
200609
191116
285732
195876
114417
217157
10450
152878
28630
174755
53534
96898
113507
42121
123523
292792
112989
73966
37539
157292
273726
119683
18128
241716
180914
157004
196104
188095
135092
70410
193941
294842
175117
189263
185306
63508
104111
132399
222033
134307
284303
224374
281974
96279
162364
265112
165512
297629
25672
166314
61916
160774
68491
34179
296607
259504
51813
155556
293319
245301
107418
169928
202968
216873
217690
241284
94029
74091
63578
69532
198902
297939
141198
259473
297103
8726
165844
121316
289092
3447
277691
67039
1016
220794
67999
293312
279881
123970
17688
161550
77854
231030
249167
206550
129697
119775
242896
198545
149301
113690
45803
96602
13579
266495
257443
18880
127800
73040
195860
186993
200107
174953
146544
118019
270042
123954
36012
149634
134567
151047
262419
14852
286680
116622
27379
363
158353
231857
42129
24341
85948
166903
142878
5406
119035
14288
10596
88749
39906
259056
157673
179470
217212
95059
159176
60550
27760
228917
239258
145315
206190
182666
55172
174115
289886
2723
193981
170954
78487
180269
119802
163180
192944
285542
288308
109782
265232
10698
177249
284564
166198
179616
299106
272313
74053
123162
30565
121489
149910
108398
2530
151445
68025
43580
113930
120528
132966
99774
146823
183922
160788
17294
131553
286558
14359
137649
276463
92766
172621
278526
168186
34415
200220
222077
5235
204389
44900
240219
10932
201861
117043
293126
107888
62602
69097
203765
53611
156865
34730
261996
175306
79444
8207
229140
128303
288374
184859
183116
183416
63714
241841
197244
80302
135129
168389
141145
140900
249296
13882
130513
199923
191648
235712
101298
8648
271618
122677
125485
260402
286294
225168
211574
247394
20164
57252
173853
138561
132935
254842
13187
150886
30843
210095
98440
20919
119974
23750
154040
147037
143497
147153
291242
30305
330
229193
258821
178279
170106
265185
220719
8178
252603
114248
191293
196190
253876
183898
105225
270771
249105
129505
54774
188098
86097
189815
196639
4530
70910
81773
148218
25966
195965
177531
255293
15497
7379
72890
255831
205011
295667
263721
267977
245169
152221
144636
189778
173342
292990
280735
175619
199220
133831
284789
115287
277481
24734
213962
94023
216991
132555
188448
289031
60127
120047
9363
298061
160117
71317
264473
258203
272150
281079
16536
225231
250831
252543
147563
129803
47027
251843
98177
150962
174020
245628
291573
256621
249665
126872
166088
198193
191635
164027
17482
237141
253567
175240
181885
244653
226489
85272
98858
107435
257755
175060
97992
174608
24603
178580
274999
118633
266459
180646
196785
191390
76364
283514
70116
281070
264109
192164
157482
59701
60104
139716
184505
23965
261162
169270
245873
290035
2730
43672
149056
123936
43609
155378
233202
184914
217864
153333
194367
99244
244172
157640
180793
236535
229712
130765
98464
85118
285937
266359
151542
268470
280089
193953
55303
150660
211472
9890
73571
183411
26610
5097
183464
84986
73693
266587
155446
286432
146418
59347
190276
204194
29387
59024
96761
10863
51978
211360
205924
262319
129521
213531
29705
193363
117825
93726
256487
257286
14301
207549
154003
117585
241584
249312
200872
71381
215523
265725
108058
203766
43320
37989
236121
244893
6101
281099
18591
72646
40737
37357
225275
53149
66343
27693
219692
47600
156859
245042
94724
96138
173159
170037
247460
9133
151241
170424
229022
178604
132379
246366
263394
7433
69886
156251
23363
212751
52535
47551
265047
222087
121534
180281
24634
159151
152009
125731
184112
161376
196535
125535
183893
115007
144892
105731
184543
95901
269775
61030
249439
295801
217545
219664
244854
216292
205247
148892
219138
119869
67482
230384
2711
118657
244872
234468
146872
259809
5968
259
71621
38162
199897
96910
183680
207408
222233
38705
54816
265518
286918
257174
143990
92450
240456
23634
17297
247825
58996
131
180207
59232
157029
70034
207725
62149
1170
47776
298368
178670
215263
205661
100312
214827
224953
296707
295698
71557
63249
71737
199990
210653
168342
244938
32161
17502
89952
277209
224623
79997
190639
13694
39051
174696
170880
217088
9090
283867
172330
87213
56644
1112
136149
192122
167161
23073
265887
171045
61565
270162
227165
134940
273789
212308
282843
91202
244660
258134
279682
220221
291371
141846
230178
124204
203636
36314
1511
105954
262903
255970
148234
83873
109062
59898
56073
215857
29433
52702
139722
258189
40597
63940
169715
231075
96929
186355
111245
255446
91766
3273
170708
157056
215114
294495
186032
60907
280550
46720
29518
210146
146811
122772
158863
49413
78602
175563
66013
32008
42101
93537
202261
96598
243393
241513
295402
220727
16161
42117
299478
154094
75418
215655
279602
3528
36787
266492
165158
6689
132318
119323
40396
67678
280953
103899
75942
196062
127566
190698
120605
35070
161547
98234
105189
142271
120408
215224
6515
172077
250732
40876
212326
48875
241367
61276
279346
68074
268525
271232
251816
173156
141455
287091
215764
190044
55146
291800
4466
237789
274648
268218
217109
176654
257975
100615
91832
293650
249878
152066
255694
149535
171418
231184
89606
173212
200040
93384
236159
228357
163824
152824
19550
92210
138137
152796
148549
136116
12594
108953
69852
281028
85963
171565
122999
288458
42983
240302
95727
235088
113393
199799
54611
91594
62111
110572
205011
153729
182203
243990
274687
33473
10437
182429
286708
195866
199651
36679
265575
278088
40753
299559
83424
105888
65970
67936
248986
109463
25007
3421
265949
12020
153106
162994
218449
31631
245640
273930
32352
251547
71441
238416
275479
297620
126487
36391
1737
236271
287341
143158
63789
145060
48311
139865
90068
170735
69086
197034
168529
107804
172553
32193
73234
196328
251710
173831
113464
138113
59840
67006
149917
185992
227096
261848
107450
168352
19609
174944
54166
27755
29790
181601
136245
194392
7759
246232
236934
50573
121648
7497
237010
292569
209331
11839
288820
158052
172003
192828
128344
116809
131122
292995
227619
125983
123357
296106
268742
100339
207143
210012
47371
196175
205974
281620
104104
246629
266398
222843
230444
56084
88359
192617
54427
89686
173737
101445
98117
115870
78949
30567
155344
116608
41048
115807
98158
11637
31328
259522
153591
147432
194275
221521
210606
59619
130861
258957
138655
35219
254199
180758
48378
156199
12495
78628
276599
162709
147288
9621
298017
35174
89662
57905
133887
51669
188279
200239
286756
288945
51616
191347
248173
177483
191075
286520
164127
252144
122457
200827
188829
133615
247663
207555
81342
99031
286346
29754
252900
86117
207634
213388
220523
289838
293334
118278
66433
229264
265372
88934
101739
198336
59348
116184
161228
50124
2890
91459
207192
84542
267275
179887
79799
232257
178009
238364
257861
264717
103087
147721
41360
91389
177106
100615
280193
197987
281535
273079
229014
18918
54907
45916
203517
65715
189772
120168
135859
242780
142684
189340
150435
64389
181664
80513
205148
282480
25454
191660
263088
184737
65984
39429
142243
247347
157134
182946
39777
157166
161500
23304
273677
39698
136253
86936
299467
217894
137567
89575
287426
90388
139940
90742
86591
82537
113686
178443
68363
83982
81068
20651
3515
248380
227663
74464
195496
179087
93094
291560
84770
263251
145391
103313
87203
51101
167264
278348
197619
168005
68668
230623
249433
241264
225616
245534
153438
254538
40445
215066
157783
279812
201933
276834
71706
280307
13691
209209
885
88451
34135
118042
113014
288378
3197
113841
124646
127193
215145
168282
254085
144102
27474
267403
203397
111296
90727
135764
293972
42688
32296
283935
278726
282337
190760
198935
75262
54595
126270
64761
259996
37769
94429
189609
247378
201911
212741
83403
111440
279510
125690
47027
217242
87292
14086
177106
161781
59726
21803
66081
12688
22663
52115
202703
271185
43870
126761
72348
82845
166271
174735
38720
299007
158973
264995
55358
263717
111444
157933
295753
285166
252655
208695
188936
88344
36463
278989
140675
286545
111132
205931
193202
153057
76757
87534
5346
78700
284308
40131
299929
46567
163622
42462
158024
200269
72598
37394
52950
88384
298448
166552
217404
225598
294939
114735
252196
257011
203485
121156
38349
136431
231611
133065
164133
228532
2222
296944
270082
214747
60795
68573
233467
153563
214002
287639
65425
97640
198163
127530
157143
61532
71547
282417
185766
114032
146563
179621
241518
39630
211792
221759
263288
165677
215530
13312
72188
192512
228232
49252
155246
68358
184478
72289
278434
90485
167346
179835
195828
142006
226822
272787
170795
212464
133643
50246
44303
70889
110879
249061
213903
189311
170433
131191
34272
244767
22292
137205
268776
136789
168406
164356
86946
268513
265796
56299
208885
41924
138129
1984
187085
25913
214221
136575
265736
273915
24648
288556
91203
18277
15598
59944
161935
2424
142972
9599
116764
198341
12248
30617
88263
193126
69014
91385
246872
116765
272960
112900
177893
188685
233227
263074
217810
260877
117622
30441
53647
254977
154980
275414
219552
38191
28396
18423
239832
133401
109967
207262
170102
53051
88760
207970
290972
129019
42677
58
96555
2056
149146
245051
186650
245015
207456
119702
8150
99373
279143
130402
252565
128665
267991
48778
131255
81860
27379
140834
257097
37580
130771
280551
118177
144414
206034
62233
91068
25602
235960
248468
179266
23177
76657
249816
292411
224687
152635
149738
68946
289301
42669
227668
188140
45067
74886
292619
200748
285054
38009
4343
77103
132477
199711
34809
118715
276131
113708
119264
139319
38742
203558
26053
60739
115965
196431
212279
119807
82112
222254
221825
48349
11193
261796
221938
263011
167608
267524
261778
54857
130426
239779
125187
171147
69565
12400
189258
29906
72511
181873
27551
269107
5060
71670
5930
163661
188024
22712
195861
205746
193984
25945
62386
59118
97907
247100
18169
129320
280607
106721
112731
58650
24804
19433
189309
291302
105008
206512
221258
131921
200543
292306
80997
53025
51095
184403
201252
166151
167597
293755
30859
274682
183944
209217
48525
65291
107290
58034
141653
69690
229659
84223
11547
165617
203019
36281
61674
146862
85372
103005
166447
187546
294697
159992
87406
9892
60670
169436
113298
45262
223900
22422
79624
180179
258596
126413
105210
295652
21078
105572
37245
3982
26464
180441
163862
260576
188233
262973
29911
289799
138866
69936
142279
76641
98100
287028
70136
238787
121163
87335
45155
175646
64641
298416
59648
122722
241868
134011
97967
178599
140745
193456
130605
68778
285489
100056
222874
31405
191513
7542
271362
283368
76125
295070
122793
53485
162210
289364
191297
32900
91375
139039
190947
131616
32655
154147
41817
269759
93115
285656
106520
156190
34399
244026
291464
202037
129453
36691
96940
243147
257365
280778
166859
47360
225833
147980
287485
217269
254705
175584
65416
201261
25978
189206
78788
65805
130721
156284
71012
181265
242143
290467
227475
30099
22268
188123
214587
150850
216945
22208
136257
17352
35072
100468
29565
133483
255677
235244
215124
79922
163415
277533
262205
47516
60374
37239
96069
111291
255290
103429
72260
83450
106014
271997
90682
1846
62210
245821
287293
96373
67530
158007
122615
172441
13961
104968
270630
140035
156169
143796
175767
258954
20883
204375
60518
284944
10619
246842
226100
233256
13214
6690
232724
7890
288018
55290
286097
267159
240490
181997
174577
66341
261691
171448
161557
148973
261569
85264
117076
9012
184439
278249
97592
271813
83951
120070
120419
107548
139316
98792
191278
85755
130622
169612
156417
117774
103763
108906
77925
220122
222339
72841
149921
168804
250063
168248
181439
277096
175185
134909
196292
221391
129316
81164
110654
160521
11297
135898
203186
58926
227064
29698
35754
197315
186416
164982
58772
142350
187739
75259
222351
146227
186749
131771
53195
11880
12199
253680
128416
123997
243438
283151
214269
182640
291278
242711
126674
274160
275810
258992
134327
240079
10577
158530
105898
131807
54826
201624
125773
258486
24532
84282
220119
99545
270075
111402
254427
51984
144709
11776
255416
164270
46859
93529
278239
281290
264937
291476
95465
96281
207235
109915
132833
191624
66882
75455
270955
253379
78005
291641
155882
230346
191509
262635
63443
282417
21944
123706
239406
163242
165646
97689
214711
295809
224648
170684
159254
265713
233617
93605
274082
244702
11462
282143
26992
298376
181178
207732
93032
280131
33206
299305
10810
158115
39237
218740
242787
73377
293840
35312
217452
269116
267225
19083
235825
78531
102761
297398
211397
152755
188209
208985
173497
40645
17009
254888
142865
259045
40218
95646
90158
116219
17710
282125
253562
59641
171813
270225
240529
268
204737
63648
157152
219123
139833
127960
197883
125544
61274
76837
18279
108724
98510
207590
255180
22469
277816
235684
158956
111945
281890
137856
73075
277225
136367
172490
184828
219625
151818
57168
228125
165658
68617
74485
186966
272445
27832
23764
133882
108374
137232
195918
86373
146738
152714
110374
77409
103415
172333
288076
273723
189076
187803
63762
153193
259753
3379
78850
287000
55204
291213
218046
120204
58377
90031
279592
253808
175405
179709
263169
82841
25585
122267
95183
53744
268006
182043
155073
27592
34046
286646
170250
190444
268773
68998
5450
50825
239740
171841
271718
74832
211677
141255
277667
164950
168408
288198
85759
248169
217899
132234
168770
136256
193574
202643
55597
123382
148449
136665
73155
255234
237863
256091
5659
81877
150344
65986
74867
273690
273060
109610
69015
278274
271918
260097
293223
260137
55983
130
64857
178322
185060
7232
59629
180735
121986
195024
40726
106584
219655
170160
49338
150444
121783
228355
100202
220434
120757
259292
154031
77
87547
249053
122747
70840
107925
89107
35121
274028
39970
57191
239800
84961
45199
118829
20473
60627
274516
70533
148670
51282
31429
258241
235655
30569
80994
224907
11597
58920
211626
147257
99734
173165
297671
138558
195941
144789
2759
28024
178342
70635
84919
222149
273160
190583
227579
82614
127307
233592
3652
216350
271352
133571
59806
208763
120806
147330
65010
233211
115496
293620
200111
225711
230875
162506
137016
30335
188128
150647
285335
135988
263728
289633
53747
60494
294072
167867
197799
128195
226651
207287
297170
80907
49663
15006
102909
12357
13055
269533
129555
128442
165683
185166
6019
27961
286764
108493
282128
84250
62304
249163
145869
193752
246562
209899
135200
64496
126286
173918
274230
227048
13976
279714
225510
31505
155101
224726
125498
46851
175546
211900
293897
80738
15864
112521
171816
65775
108268
113206
298183
268303
101706
138342
244683
111613
51599
185594
122111
216654
188447
249537
275035
232929
61495
221030
114926
92950
191399
139672
40349
290781
286197
247571
48148
286326
48967
9407
298488
170788
214944
224872
73934
118470
25181
14739
290957
159742
259506
145391
50506
232566
125996
66156
230734
231219
12757
106245
190117
92276
268809
14338
22301
181680
181674
43494
7286
226175
186081
158463
276512
31017
160851
5388
57254
283234
299879
157372
104126
55072
240983
171906
266412
173169
282556
236227
236549
175948
227594
135572
177334
137239
99761
192538
187599
277661
252549
119678
128033
2740
250416
259305
218458
227429
110704
221814
38097
80584
252849
192190
135859
218871
246122
103287
28771
219997
135874
38542
198749
265039
143652
259999
25405
266232
211948
282310
79526
69336
134947
223604
30323
222356
145644
249879
50625
15900
91943
77230
235706
52971
132696
112151
226774
157855
183913
27148
282571
23838
156525
98549
210655
214032
248677
155889
279708
101097
203557
205301
155320
4935
63261
167642
203240
232907
17168
60354
165147
100852
207290
67827
81207
41839
285203
88911
105244
49629
112241
245785
82231
175200
149587
274780
218266
144424
54856
41176
34274
195447
228546
92353
40416
130534
198919
227851
239443
197986
211818
23676
239295
131327
122981
187240
247837
31293
46752
186172
23
204448
83368
220739
154979
58635
71807
299545
185095
127674
74971
31637
92932
288882
195794
31915
99886
48705
181574
242535
94221
175849
283846
176645
180817
170762
82270
27633
289048
50942
250932
276382
195935
225599
247408
275361
161003
181757
62460
19641
147340
107443
108963
43816
227046
269115
8135
15003
145918
226946
33264
129768
48678
186883
290076
204247
205849
89875
79562
189926
110396
123501
6714
101134
90381
1009
202324
46615
81526
214754
290494
147374
156158
88194
235501
92660
232095
234169
5412
202220
56147
98059
71809
116591
50304
205554
88686
199256
67202
133840
5998
114672
173583
257793
50198
78195
163717
272420
266244
284098
190694
80903
53274
233437
259160
135854
149084
153231
242866
207748
236438
17272
106472
293010
93917
62313
186141
145857
21465
158855
257291
202991
88179
212657
201579
181040
125898
89162
58378
78444
178809
6428
52228
269729
40695
268208
103388
291393
33276
266646
102038
155713
32552
54754
272138
177606
125
187806
249669
256799
171212
211826
84413
43601
261413
220198
135209
70308
280740
276322
122057
298385
34716
290970
103135
229001
130315
291215
4765
234272
64758
279741
91466
267978
151537
111515
210154
50370
18227
103881
7129
255833
265511
35734
188066
200523
156953
103567
117535
42948
289227
246735
107089
139670
56875
463
69102
287631
231950
164808
188201
120274
236335
288480
291031
264025
35897
296033
161423
22528
118792
249249
12799
253253
9910
17653
105802
110380
786
94129
189496
4705
26872
141317
248550
246444
208958
164240
139147
221641
49507
208566
225898
241241
131382
57479
4628
235031
159503
234740
117495
225594
210293
38583
62431
239310
3435
256276
2120
59099
253859
127411
241135
246031
57139
182301
68564
24651
194847
293572
159382
34416
182702
129156
225652
228397
65151
292572
183614
167483
10017
153401
280935
177655
247881
2735
35337
207601
285346
31321
168140
225464
41616
71541
197124
280634
291553
69141
52540
111046
126880
74153
144195
103000
294652
216383
33830
180548
106349
205580
123297
59862
109801
111835
252199
8925
68407
72296
225243
192222
143825
88506
249454
175612
294104
118744
262673
128363
213427
147966
25776
91164
195525
189320
153074
89694
199503
104357
97763
59632
2288
284894
252286
279924
199377
251288
92172
223239
254556
106548
68336
133631
230288
130473
31879
217855
278621
128677
250014
13173
20995
228291
102190
14933
10190
94080
261487
60702
164578
269314
107863
63816
77166
76430
193299
191575
141497
57735
204431
114469
59295
133045
260701
23022
223694
282891
66012
292678
146334
159739
282309
166524
33929
210338
156491
227165
137266
238552
63527
31033
10935
8400
206829
277817
164461
49334
74558
150994
115038
246541
183154
115254
183089
44619
192228
155487
189034
195640
212059
35681
129145
32961
251313
108898
70424
25890
35611
11501
31364
239033
108057
95563
294601
37112
9468
23376
77435
10841
42375
218101
232718
10563
236003
40952
215755
87116
200659
122702
77020
206609
132646
228044
17649
226551
81329
145240
199913
171820
195622
6297
80496
95911
18333
117197
188262
24365
91508
87195
231092
16649
256181
157970
110157
155806
129125
26838
69895
133761
292275
295464
129761
151524
32432
66976
29287
299969
164926
240035
99185
96921
92434
186437
28283
19418
186589
261524
4185
209804
22416
163857
291026
230881
129431
187765
268869
267323
73982
123175
156542
90702
107737
244055
263014
84719
228987
105906
282587
291794
196700
246390
35974
55064
20231
27160
260238
133789
86306
111627
82742
5729
149824
279331
14089
233206
11388
281522
244728
178986
174778
19917
40413
105681
227279
237094
200056
268877
102857
16552
107894
124222
119332
113949
124397
22515
125564
30603
14304
185588
67910
252998
202821
92612
186297
224069
126155
291660
61891
298815
221864
243218
87097
175045
67164
251369
16071
81703
143860
130409
157468
247360
216065
61623
247177
247646
278259
182226
12169
78440
173043
140792
260499
15120
117938
125991
127954
11685
274520
203363
45294
167992
120250
195609
129789
141517
49068
74028
188315
262706
95172
187839
155061
234465
2844
161606
97566
177411
27488
251210
266610
130603
83663
139390
165681
142495
72530
169246
45475
73975
162883
204241
170861
280014
286604
194192
7170
160125
111712
135559
60873
113616
198757
9342
203664
46110
102567
85694
294027
156953
9963
235011
106001
79036
197375
213972
189162
217126
217426
166866
186794
215368
62240
136183
295112
290845
248812
108631
35500
229319
201160
163657
5881
131629
276874
63513
63921
278412
224097
293255
22789
214934
169252
228430
279947
204270
290847
8981
227473
282121
51637
17209
239940
222271
216147
44058
145276
174904
287015
179469
5192
149164
163445
89084
49792
277932
211775
1410
182840
257490
195255
203766
192299
233335
10440
130005
239378
102265
203079
156886
82015
139934
99024
52430
231446
141986
270711
46722
279317
25301
6755
263770
215870
16334
284873
255263
60842
125939
164251
231124
110120
86699
11407
239229
185369
209479
154901
210730
102291
206788
277992
297982
47318
293487
113498
180308
12427
66359
236074
132213
151933
261094
282391
87121
10211
32994
34292
230292
292822
170278
50104
124082
147763
261034
189440
231153
211853
44861
46744
155524
25696
65254
223227
74382
82505
78325
120112
160597
166859
234646
117422
143866
70587
75434
71346
95603
260470
276921
238046
202327
215832
164095
93129
159813
2004
134775
172844
81376
175562
216071
121427
17671
96777
271800
265836
37283
256430
223566
245771
276435
163733
43086
40034
15067
258350
1005
157406
286522
156686
243351
255951
72169
199455
160684
116303
175458
299613
5869
169034
256309
284105
16701
72904
114467
251895
201281
170288
115149
296349
287657
258307
47696
84027
262993
171546
76390
138028
55286
97387
65725
108531
195036
86310
132859
256531
209843
209873
40596
76023
216326
107605
23536
18620
11347
223981
255138
211146
151546
87975
200538
268584
205061
237226
83904
57191
104264
203622
147154
298981
202813
251204
210081
31906
159782
277
74509
35973
58795
60568
239721
194774
269877
257500
192811
95582
166188
92455
85783
166792
167228
156346
277038
269021
118765
124766
231830
177963
253939
66405
268046
73694
290665
92710
41324
105521
158278
52541
238795
13692
212192
21394
283691
179477
72801
129113
146303
145031
229818
94395
61406
285953
221328
85794
236741
79201
160885
248501
267359
248357
143710
298743
27131
254344
144314
206180
226990
190733
153831
135971
274595
157615
128476
110060
158827
276135
229925
161279
6926
627
76576
217960
31814
199905
139332
276075
267810
244669
119905
107617
177559
163344
164094
130954
290732
262086
281642
230376
276367
209229
57069
86216
282167
286918
258208
153905
163214
194792
242108
19004
247895
125495
58194
281744
273649
13334
20183
174477
209735
101198
218470
293333
14038
173173
246707
294271
257927
161145
85370
196614
108201
128606
182259
234712
195310
120144
45060
273046
78981
185096
20936
234276
174264
2481
296464
238603
29767
216095
115876
169031
192693
253076
28872
198927
154220
144798
30464
218854
90768
157729
212556
184616
145117
95857
268064
216548
85917
238414
176824
66608
132038
191630
190292
195331
91427
167149
55528
201448
27388
219509
229657
158993
146362
109439
243706
33669
247902
268103
10317
220706
2078
13191
284866
145900
109515
98469
43066
231065
267291
187984
195617
5109
125255
290048
248692
171343
246034
230559
143245
219110
218412
232406
86847
233399
132136
246172
63737
2021
270139
199502
36927
228338
275543
12968
117766
76255
201429
201611
208559
180969
295370
297501
200240
233258
271536
156647
66637
54765
101963
191391
101215
108207
86429
71815
12394
277616
60047
240408
43907
290195
28209
274849
238997
118756
21663
159530
80382
104272
184765
217399
167022
243096
132758
59135
168884
9213
116263
7381
125353
229777
239758
132923
112947
116829
28435
273520
120498
70391
105744
40339
104467
218336
172188
75451
216625
283344
253104
234292
252532
221777
227304
36356
31652
237829
249600
109042
166269
255308
220852
115377
78911
123548
106082
116529
29062
32440
240631
142028
242531
164471
241132
236889
61164
27479
142644
166504
286083
63358
39159
252428
280229
96325
75077
137858
275562
273807
115951
12911
263875
83009
11257
73741
209271
190710
193328
125560
96212
209585
4729
68597
151885
289429
101943
82729
