12962
3985
3881
2039
9882
6277
2942
4359
816
15688
13694
5328
4503
8972
14552
9557
13472
15447
7249
1555
13422
9384
5144
6717
266
9332
8190
11655
1925
508
960
2507
3320
2439
10279
2700
12304
3415
7667
12038
15851
13768
8366
8827
9089
3362
11220
4061
14632
15466
6774
273
1843
15620
8880
6709
3607
621
11547
7808
8783
15751
2373
11302
14000
7134
7972
15861
8950
8416
10666
12876
6200
8750
2830
5119
4728
11097
10055
9728
13212
5712
10911
7345
6531
13649
15615
14489
909
4641
1214
10848
9169
8005
11719
13336
2230
5562
5714
3500
8555
5810
15050
9362
9961
2509
5411
4900
12911
3292
14557
8530
12755
5433
11372
10899
2026
4374
4887
9096
8259
10772
3479
12806
10110
3812
11897
13671
5107
7308
8774
2597
8950
3617
9547
6511
4358
12408
11463
12631
12518
4572
6536
14574
4389
8459
7681
5287
13114
12262
14752
7881
14466
4693
7037
4484
14292
1575
12153
13264
599
3370
12413
4231
11614
9666
13704
12113
5911
5885
4484
12021
13613
9037
5051
11564
1898
5254
8986
13057
13482
12707
12411
9487
12682
3919
4998
8486
4454
7404
10676
12990
6884
169
9520
13908
2279
5517
10113
12346
