48821
39038
39038
48015
47733
25845
48490
24940
19644
27888
48310
5405
20708
39190
31107
23623
33862
34835
25410
47750
40482
39140
47006
35323
28724
10979
44267
4788
40572
22604
6661
7429
12854
13308
48985
29665
16297
14007
36437
28723
36285
36757
38343
11878
47570
39215
11138
9581
46910
9788
25187
47732
24147
7348
17318
46104
38501
6170
16519
17161
24770
40823
3422
11663
4927
4911
1468
6067
48871
28953
28660
8625
15579
29392
37112
15577
17148
26918
3180
11628
1591
11268
33609
36854
33125
38254
41885
3232
43762
25455
16215
22683
29566
29466
19984
10026
23459
23070
7831
22229
5520
10703
19719
25191
41132
7120
35036
15242
17315
3065
26339
19318
1586
6206
46794
44173
26109
16841
21061
23257
8746
24702
13227
25401
21610
16400
45804
346
28326
1372
10330
12180
45312
3640
36853
12701
49454
21984
10546
39907
31758
42244
17014
25285
28532
8576
99
49710
3861
27153
31897
45967
49303
2547
41017
6790
25647
16071
35757
4140
11534
48269
12653
13133
14627
48894
4044
17722
36604
19115
34192
2633
21176
49327
5459
9046
36791
34105
38257
6250
18777
636
10640
46569
20527
27524
9555
42526
20887
32842
44228
17792
47766
19270
40808
38989
47240
22741
40723
29465
35514
26089
26570
24478
3569
10953
42961
42188
38708
9499
3311
29201
10288
49885
44084
43367
14052
23652
6377
39288
42134
41492
34684
8235
38035
29541
22693
48421
48765
29001
29377
9834
40325
42856
34415
19372
3977
18860
49658
9515
30928
47666
41344
34486
4105
5645
19905
8866
30453
3662
15942
11117
31520
40128
32488
36522
153
15702
29825
29814
41295
34023
32866
36003
14422
31652
49795
48123
1213
28784
14194
7300
21028
20064
29734
46188
20802
25669
45605
3030
22518
43672
17714
37210
33181
47087
37273
26308
32693
47550
4129
2122
46002
2874
17882
34088
24667
32483
42021
41266
21506
2014
22958
13336
39687
31747
20224
11590
39944
32339
5481
8329
47201
38442
32996
35137
3027
47871
6508
5890
13203
34041
45778
27340
17410
41409
26003
12170
23731
30224
48818
33507
2184
12018
47182
34257
13497
1741
4729
48249
11115
13604
40561
14205
2436
19078
2912
30036
38649
5730
547
4612
8931
19027
15168
19334
20805
15201
13062
34199
45337
20295
15458
41014
4051
24655
32126
26655
49073
2798
16251
23349
5203
13745
23348
26003
24811
13283
9924
5472
44668
5517
34948
36485
5375
15338
32139
39301
21761
30083
22839
32490
20501
26677
48641
852
1771
27634
48679
5345
48065
48853
12882
41058
24751
17201
3690
17884
37451
26564
39545
359
22016
29122
42850
12663
33588
6326
25626
31666
7782
49128
17226
26052
22242
13223
22543
36919
35515
46052
27319
15765
5860
3753
5398
9163
12298
43330
21195
28391
34615
45053
5933
20075
32213
17708
24965
7470
5258
29778
45211
12131
47139
3519
38419
42506
11092
16524
8374
5574
23211
46068
10002
28051
36609
2661
46129
49429
39129
7416
39781
19743
36655
37692
31991
11896
47092
13686
31090
22944
42922
29549
26429
16573
6383
17604
15322
10665
18585
33588
15907
7084
22657
45404
26846
6924
42494
41794
26140
4840
